110.196000 31.065200
110.039000 31.123700
110.034000 31.111200
110.068000 31.083700
110.203000 31.064500
110.465000 30.981000
110.203000 31.064800
110.158000 31.051300
110.166000 31.052700
110.182000 31.062300
110.186000 31.073200
110.197000 31.075500
110.207000 31.068700
110.194000 31.088200
110.173000 31.074700
110.455000 31.032000
110.058000 31.138200
110.221000 31.131800
110.455000 31.023500
110.210000 31.141500
110.472000 31.043000
110.232000 31.108300
110.235000 31.114300
110.252000 31.126200
110.454000 31.028700
110.201000 31.080200
110.000000 30.981200
110.058000 31.206200
110.009000 31.106800
110.195000 31.062500
110.079000 31.207300
110.450000 31.042000
110.030000 31.137800
110.072000 31.112700
110.097000 31.095500
110.372000 30.939800
110.049000 31.113800
110.053000 31.132000
110.451000 31.035800
110.452000 31.039500
110.455000 31.038800
110.437000 31.030800
110.102000 31.090000
110.016000 30.993700
110.040000 31.128000
110.441000 31.043500
110.187000 31.069000
110.471000 30.982200
110.011000 31.126300
110.184000 31.071700
110.392000 30.981200
110.165000 30.860200
110.423000 31.089300
110.356000 31.152800
110.229000 31.097700
110.092000 31.101000
110.035000 31.092700
110.449000 31.046800
110.459000 31.035800
110.461000 31.045000
110.446000 31.038300
110.135000 31.068800
110.441000 31.089000
110.461000 31.036300
110.454000 31.040700
110.436000 31.087700
110.234000 31.097300
110.439000 31.032700
110.301000 31.134500
110.465000 31.032500
110.282000 31.101500
110.451000 31.033000
110.296000 31.142800
110.466000 30.953200
110.481000 30.954300
110.019000 31.139700
110.454000 31.029300
110.478000 30.955700
110.444000 31.034500
110.456000 30.981800
110.061000 31.194200
110.474000 30.949200
110.469000 30.953000
110.471000 30.950500
110.468000 30.953800
110.445000 31.042200
110.302000 31.118800
110.300000 31.123500
110.451000 31.088700
110.452000 31.034300
110.057000 31.217700
110.462000 30.838700
110.084000 31.062000
110.150000 31.057700
110.452000 31.043200
110.452000 31.022200
110.035000 31.124800
110.066000 30.984000
110.067000 31.114700
110.374000 31.148000
110.030000 30.996800
110.402000 30.973500
110.455000 31.039200
110.424000 31.090000
110.389000 30.969000
110.374000 30.980800
110.035000 31.118700
110.369000 31.141300
110.456000 31.030700
110.189000 31.077700
110.088000 30.825000
110.455000 31.043200
110.465000 31.033700
110.391000 31.171500
110.003000 31.091500
110.015000 31.128700
110.063000 31.220800
110.382000 31.117800
110.381000 30.978300
110.440000 31.045200
110.438000 31.041800
110.450000 30.980200
110.393000 30.975300
110.444000 31.039500
110.383000 30.964300
110.466000 31.041300
110.346000 31.137700
110.374000 31.170800
110.371000 30.955200
110.377000 31.146700
110.446000 31.049800
110.058000 31.203000
110.381000 31.188500
110.437000 31.023300
110.010000 30.994300
110.056000 31.129300
110.442000 31.041200
110.453000 31.044500
110.166000 31.072200
110.436000 31.040200
110.465000 31.018800
110.462000 31.017300
110.050000 31.211800
110.471000 31.005200
110.444000 31.040500
110.109000 31.116200
110.278300 31.077850
110.437000 31.033000
110.008000 31.071200
110.482000 30.851500
110.039000 31.135500
110.379000 30.988700
110.385000 30.975000
110.454000 31.036200
110.252000 31.072800
110.016000 31.110800
110.042000 31.131500
110.387000 30.986000
110.382000 30.985800
110.043000 31.122800
110.451000 31.017500
110.083000 31.105200
110.337000 31.165300
110.449000 31.044800
110.369000 30.987800
110.440000 31.033800
110.437000 31.041000
110.243000 30.944200
110.046000 31.137200
110.377000 31.160500
110.004000 31.127000
110.134000 31.065700
110.446000 31.039500
110.449000 31.039700
110.440000 31.031000
110.335000 31.135500
110.022000 31.094500
110.370000 31.167800
110.446000 31.038800
110.025000 31.125300
110.023000 31.136200
110.078000 31.112200
110.348000 30.977800
110.471000 31.008300
110.083000 31.136200
110.478000 31.023000
110.032000 31.119000
110.368000 31.152300
110.061000 31.123000
110.378000 30.966200
110.458000 31.018500
110.044000 31.138500
110.458000 31.039000
110.384000 30.983000
110.368000 31.154700
110.356000 30.991800
110.377000 31.077000
110.053000 31.130200
110.444000 31.170500
110.451000 31.153200
110.380000 30.998200
110.025000 31.128200
110.233000 31.065700
110.386000 30.972700
110.142000 31.024800
110.069000 31.135000
110.373000 31.156500
110.373000 30.951200
110.397000 30.980500
110.000000 30.976800
110.074000 31.103700
110.434000 30.849500
110.099000 31.200800
110.449000 31.013400
110.076000 31.090000
110.159000 31.038000
110.035000 31.119800
110.233000 31.072000
110.363000 31.144700
110.059000 31.127000
110.394000 30.990300
110.370000 31.166500
110.378000 30.990800
110.392000 30.980500
110.068000 31.102300
110.366000 31.137300
110.455000 31.031000
110.440000 31.045200
110.197000 31.116200
110.037000 31.123500
110.165000 31.020200
110.448000 31.038300
110.439000 31.039000
110.448000 31.042000
110.448000 31.035800
110.447000 31.038700
110.378000 31.142800
110.436000 31.029500
110.019000 31.128800
110.382000 30.954700
110.092000 31.090500
110.054000 31.107300
110.450000 31.027000
110.039000 31.120000
110.263000 30.946000
110.032000 31.119000
110.372000 31.166200
110.362000 31.144800
110.382000 30.969500
110.034000 31.112500
110.441000 31.066000
110.079000 31.101300
110.092000 31.148000
110.369000 30.964700
110.390000 31.168300
110.376000 30.966300
110.054000 31.138000
110.372000 31.156200
110.077000 31.085200
110.458000 31.035200
110.171000 31.077300
110.031000 31.118500
110.382000 30.953300
110.342000 31.233000
110.040000 31.135500
110.391000 30.977300
110.354000 31.176700
110.438000 31.044000
110.106000 31.109200
110.031000 31.095300
110.379000 30.982800
110.000000 30.996700
110.374000 31.165200
110.436000 31.041500
110.375000 31.146500
110.030000 31.143500
110.376000 30.996200
110.433000 31.041200
110.465000 31.022200
110.186000 31.050700
110.097000 31.127000
110.052000 31.127000
110.071000 31.129200
110.376000 31.130300
110.385000 30.962500
110.019000 30.998800
110.361000 31.167800
110.269000 30.950000
110.290000 31.064800
110.389000 30.978800
110.382000 30.975500
110.449000 31.014300
110.376000 31.156300
110.462000 30.931500
110.363000 31.156300
110.024000 31.117300
110.378000 31.012800
110.037000 31.120300
110.052000 31.123500
110.148000 31.006000
110.021000 31.126300
110.145000 31.180300
110.379000 31.122800
110.230000 31.156500
110.150000 30.995800
110.009000 31.078200
110.048000 31.105000
110.120000 31.159000
110.397000 30.969500
110.164000 30.993800
110.020000 31.128800
110.152000 31.072000
110.024000 31.125500
110.380000 31.152800
110.383000 30.947500
110.148000 30.997300
110.156000 30.999500
110.171000 31.000500
110.444000 31.043300
110.458000 31.042700
110.035000 31.116300
110.160000 31.016200
110.184000 31.080500
110.354000 31.204300
110.153000 31.018500
110.038000 31.116700
110.385000 31.178200
110.070000 31.097200
110.441000 31.040700
110.174000 30.988500
110.437000 31.036000
110.016000 31.124800
110.171000 31.159000
110.070000 31.129200
110.460000 31.029300
110.389000 30.978500
110.065000 30.877500
110.078000 31.032800
110.380000 31.159800
110.012000 31.116700
110.253000 31.080200
110.156000 31.015500
110.444000 31.099300
110.296000 31.220500
110.008000 31.139500
110.178000 30.996500
110.458000 31.035500
110.177000 31.015700
110.015000 31.118300
110.014000 30.746800
110.152000 30.989000
110.079000 31.083000
110.430000 30.810000
110.355000 31.159700
110.328000 31.219500
110.388000 30.971500
110.059000 31.133300
110.389000 30.974500
110.022000 31.084000
110.446000 31.216500
110.063000 31.200500
110.012000 31.131000
110.171000 31.005700
110.020000 31.117300
110.462000 30.951200
110.017000 31.114000
110.433000 31.168300
110.374000 30.983700
110.006000 31.130800
110.458000 30.834800
110.452000 31.037200
110.445000 31.041000
110.454000 31.040700
110.331000 31.186200
110.458000 31.035700
110.372000 31.170300
110.036000 31.198500
110.384000 30.968800
110.017000 31.116800
110.015000 31.114500
110.444000 31.044800
110.465167 31.044167
110.460000 31.050200
110.462000 31.041300
110.445000 31.037700
110.459000 31.042200
110.448000 31.042000
110.457000 31.036300
110.452000 31.037500
110.445000 31.033300
110.448000 31.037800
110.383000 30.972200
110.462000 31.043830
110.460000 31.037800
110.452000 31.032800
110.453000 31.034500
110.445000 31.037300
110.454000 31.033700
110.459000 31.033300
110.458000 31.035700
110.461000 31.041700
110.458000 31.044000
110.450000 31.041800
110.456000 31.040800
110.446000 31.033200
110.453000 31.033800
110.450000 31.038000
110.456000 31.038500
110.450000 31.046000
110.452000 31.035500
110.452000 31.032300
110.455000 31.033000
110.449000 31.037300
110.458000 31.040800
110.443000 31.077000
110.453000 31.033800
110.454000 31.035200
110.452000 31.037500
110.453000 31.037700
110.453000 31.037700
110.459000 31.041700
110.453000 31.034700
110.451000 31.036000
110.457000 31.039000
110.458000 31.040300
110.459000 31.033200
110.455000 31.026800
110.446000 31.040000
110.447000 31.040800
110.454000 31.036700
110.457000 31.041300
110.456000 31.046000
110.452000 31.045300
110.455000 31.047000
110.452000 31.034300
110.456000 31.040800
110.449000 31.043700
110.069000 31.199200
110.452000 31.030800
110.448000 31.043300
110.449000 31.021500
110.451000 31.028000
110.446000 31.034500
110.446000 31.028500
110.456000 31.034800
110.454000 31.038200
110.453000 31.039300
110.478000 31.033800
110.451000 31.034800
110.447000 31.038000
110.447000 31.040000
110.432000 31.037200
110.442000 31.035000
110.445000 31.031500
110.440000 31.037700
110.466000 31.035500
110.458000 31.036000
110.468000 31.036300
110.447000 31.042000
110.451000 31.052800
110.459000 31.042200
110.473000 31.007000
110.452000 31.044000
110.450000 31.017300
110.448000 31.039300
110.463000 31.039200
110.456000 31.038200
110.460000 31.042800
110.466000 31.042500
110.455000 31.039500
110.439000 31.037200
110.445000 31.039500
110.079000 31.228300
110.049000 31.300500
110.452000 31.036700
110.452000 31.039300
110.455000 31.034800
110.378000 31.155300
110.455000 31.039700
110.451000 31.037700
110.448000 31.030000
110.458000 31.037700
110.450000 31.034200
110.384000 30.985500
110.453000 31.035700
110.453000 31.042300
110.452000 31.038200
110.458000 31.037700
110.456000 31.038800
110.454000 31.037500
110.459000 31.031500
110.457000 31.036500
110.448000 31.035500
110.450000 31.044500
110.454000 31.031000
110.458000 31.034700
110.448000 31.041000
110.453000 31.042700
110.460000 31.044800
110.453000 31.037500
110.018000 31.103700
110.456000 31.036700
110.449000 31.043200
110.453000 31.039000
110.030000 31.131800
110.456000 31.038000
110.439000 31.035200
110.362000 31.152700
110.452000 31.042500
110.448000 31.033800
110.431000 31.034300
110.430000 31.035800
110.447000 31.038300
110.452000 31.040000
110.451000 31.041300
110.463000 31.039800
110.455000 31.044700
110.020000 31.123200
110.429000 31.034700
110.007000 31.136000
110.325000 31.189300
110.461000 31.038700
110.459000 31.041000
110.451000 31.037300
110.043000 31.125300
110.446000 31.046200
110.453000 31.039200
110.019000 31.119500
110.390000 30.974700
110.190000 30.985800
110.340000 31.075300
110.350000 31.156500
110.025000 31.132800
110.452000 31.041200
110.458000 31.043200
110.380000 31.003500
110.232000 31.133700
110.461000 31.041700
110.457000 31.044800
110.473000 31.038200
110.391000 30.987500
110.030000 31.118500
110.381000 30.988300
110.003000 31.130700
110.466000 31.023700
110.453000 31.035500
110.457000 31.043000
110.370000 30.989200
110.453000 31.040700
110.448000 31.031500
110.389000 30.980800
110.056000 31.113200
110.467000 31.039500
110.013000 31.325300
110.451000 31.034800
110.442000 31.032200
110.067000 31.296200
110.457000 31.045700
110.448000 31.035000
110.046000 31.136000
110.305000 31.070200
110.447000 31.031800
110.300000 31.072200
110.451000 31.045500
110.284000 31.083800
110.380000 30.975700
110.015000 31.115800
110.053000 31.106300
110.450000 31.049200
110.062000 31.128300
110.467000 31.024800
110.032000 31.119500
110.060000 31.087300
110.319000 31.135700
110.449000 31.039200
110.025000 31.105500
110.458000 31.035500
110.198000 30.984200
110.448000 31.037700
110.456000 31.050700
110.452000 31.041300
110.374000 30.973800
110.331000 31.198000
110.452000 31.042700
110.105000 31.106000
110.455000 31.034700
110.454000 31.038800
110.057000 30.900700
110.133000 31.171800
110.015000 31.118200
110.454000 31.038000
110.445000 31.034500
110.438000 31.043300
110.447000 31.045200
110.442000 31.039200
110.437000 31.034300
110.443000 31.038300
110.132000 31.176700
110.004000 31.120000
110.355000 31.176700
110.028000 31.119000
110.453000 31.033300
110.468000 31.046200
110.445000 31.039300
110.017000 31.086800
110.324000 31.070800
110.456000 31.032000
110.462000 31.039500
110.453000 31.035700
110.448000 31.034800
110.004000 31.155700
110.387000 30.992300
110.463000 31.034800
110.005000 31.162200
110.389000 30.972000
110.458000 31.042500
110.355000 30.948800
110.225000 31.064800
110.006000 31.147000
110.245000 31.060300
110.227000 31.063300
110.386000 30.982700
110.098000 31.232000
110.438000 31.040800
110.410000 31.150700
110.332000 31.216500
110.088000 31.104000
110.019000 31.121700
110.471000 31.031800
110.412000 31.030700
110.021000 31.104300
110.453000 31.040500
