19  31.212000  110.551102     2.100   -10646.3    27278.1    -3702.7      0.0      0.0      0.0 2018  1  1 19 54  4.88 -Inf   1
32  31.119699  110.027298     8.000   -60654.9    17044.9     2197.3      0.0      0.0      0.0 2018  1  2  4 31 12.54 -Inf   1
96  30.947701  110.774300     9.840    10665.1    -2024.5     4037.3      0.0      0.0      0.0 2018  1  3 18 37 44.44 -Inf   1
112  30.989000  110.770599     1.000    10309.3     2554.4    -4802.7      0.0      0.0      0.0 2018  1  4 20 50 55.10 -Inf   1
121  30.930099  110.764503    11.930     9730.0    -3975.9     6127.3      0.0      0.0      0.0 2018  1  5 11 55 36.05 -Inf   1
193  31.076900  110.165703     1.730   -47453.0    12299.8    -4072.7      0.0      0.0      0.0 2018  1  7 20 26 50.72 -Inf   1
197  30.836399  111.147697     6.500    46369.0   -14364.4      697.3      0.0      0.0      0.0 2018  1  8  3  8 15.51 -Inf   1
210  31.163000  110.512497     1.530   -14333.5    21845.6    -4272.7      0.0      0.0      0.0 2018  1  8 20 34 52.86 -Inf   1
235  30.934700  110.794296    11.420    12576.5    -3465.8     5617.3      0.0      0.0      0.0 2018  1  9 16 35 41.03 -Inf   1
246  30.914400  110.764702     8.600     9749.7    -5716.5     2797.3      0.0      0.0      0.0 2018  1  9 18 11 28.36 -Inf   1
247  31.174101  110.526604     1.000   -12986.4    23076.3    -4802.7      0.0      0.0      0.0 2018  1  9 22 17 58.40 -Inf   1
248  31.102800  110.422096     0.330   -22968.6    15171.3    -5472.7      0.0      0.0      0.0 2018  1  9 23 46 12.68 -Inf   1
278  30.926500  110.774597     9.240    10694.7    -4374.9     3437.3      0.0      0.0      0.0 2018  1 11 16 56 16.21 -Inf   1
296  30.931101  110.121002     1.430   -51760.3    -3864.9    -4372.7      0.0      0.0      0.0 2018  1 12  7 25 39.47 -Inf   1
300  31.141701  110.028900     4.000   -60495.0    19484.1    -1802.7      0.0      0.0      0.0 2018  1 12  9 40 10.19 -Inf   1
303  31.158300  110.575500     5.340    -8320.6    21324.5     -462.7      0.0      0.0      0.0 2018  1 12 14 49 21.89 -Inf   1
349  31.141899  110.366600     1.000   -28261.1    19506.1    -4802.7      0.0      0.0      0.0 2018  1 14  6 41  0.26 -Inf   1
389  30.752001  111.184998     4.720    49956.8   -23721.5    -1082.7      0.0      0.0      0.0 2018  1 15  3 50 24.93 -Inf   1
430  30.958200  110.806396     4.570    13731.1     -860.4    -1232.7      0.0      0.0      0.0 2018  1 16 20 32 43.62 -Inf   1
455  31.024900  110.320198     0.760   -32710.1     6534.6    -5042.7      0.0      0.0      0.0 2018  1 18  0 48 49.51 -Inf   1
457  31.025400  110.116997     1.000   -52117.6     6590.0    -4802.7      0.0      0.0      0.0 2018  1 18  4 34 16.75 -Inf   1
463  30.889799  111.047401     7.320    36770.3    -8444.0     1517.3      0.0      0.0      0.0 2018  1 18  7 39 58.66 -Inf   1
480  31.177299  110.325104     1.000   -32216.0    23430.9    -4802.7      0.0      0.0      0.0 2018  1 18 21  8 11.22 -Inf   1
505  30.924400  110.751602     7.080     8497.4    -4607.8     1277.3      0.0      0.0      0.0 2018  1 19 23 31 51.88 -Inf   1
548  30.927601  110.753098     7.240     8640.2    -4252.9     1437.3      0.0      0.0      0.0 2018  1 21  1 14 42.87 -Inf   1
557  30.740400  111.203400     2.000    51719.9   -25007.6    -3802.7      0.0      0.0      0.0 2018  1 21  7  4 19.77 -Inf   1
567  30.929399  110.782402    12.340    11440.3    -4053.5     6537.3      0.0      0.0      0.0 2018  1 21 21 21  2.72 -Inf   1
579  30.773600  111.246300     2.000    55813.7   -21326.9    -3802.7      0.0      0.0      0.0 2018  1 22  6 44  5.23 -Inf   1
632  30.987200  110.775597     1.000    10786.8     2354.8    -4802.7      0.0      0.0      0.0 2018  1 23 18 28 39.16 -Inf   1
649  30.856100  110.769302     9.310    10192.4   -12180.1     3507.3      0.0      0.0      0.0 2018  1 24 10 37 53.11 -Inf   1
676  30.927299  110.786598     7.860    11841.4    -4286.3     2057.3      0.0      0.0      0.0 2018  1 25 14 46 49.98 -Inf   1
747  31.070499  110.445396     3.430   -20747.6    11590.1    -2372.7      0.0      0.0      0.0 2018  1 28 22 14 31.10 -Inf   1
813  31.143299  110.824203     7.110    15417.6    19661.3     1307.3      0.0      0.0      0.0 2018  2  2  8 57  0.55 -Inf   1
820  31.081900  110.181900     1.640   -45905.2    12854.0    -4162.7      0.0      0.0      0.0 2018  2  3  3 18 25.00 -Inf   1
894  31.153799  110.217201     2.100   -42518.7    20825.4    -3702.7      0.0      0.0      0.0 2018  2 13  1 12 14.09 -Inf   1
904  31.056601  110.447502     4.370   -20548.0    10049.1    -1432.7      0.0      0.0      0.0 2018  2 14  2 57 31.50 -Inf   1
905  30.962999  110.440804     5.110   -21198.0     -328.3     -692.7      0.0      0.0      0.0 2018  2 14  6  7 49.49 -Inf   1
929  31.055099  110.181000     6.490   -45997.6     9882.7      687.3      0.0      0.0      0.0 2018  2 15 20 35 26.64 -Inf   1
944  31.100700  110.241203     0.590   -40239.0    14938.4    -5212.7      0.0      0.0      0.0 2018  2 16 22 32 44.20 -Inf   1
945  31.121901  110.301498     1.000   -34478.7    17288.9    -4802.7      0.0      0.0      0.0 2018  2 17  5 30 42.48 -Inf   1
965  30.773600  110.763000     8.480     9594.1   -21326.9     2677.3      0.0      0.0      0.0 2018  2 19  3 38 58.50 -Inf   1
1031  30.882500  110.124001     1.000   -51486.8    -9253.2    -4802.7      0.0      0.0      0.0 2018  2 25  2 34 39.80 -Inf   1
1055  31.083900  110.457802     0.060   -19561.7    13075.9    -5742.7      0.0      0.0      0.0 2018  2 26  6 50 30.63 -Inf   1
1070  30.986300  110.464500     1.000   -18931.7     2254.9    -4802.7      0.0      0.0      0.0 2018  2 26 20 56 52.00 -Inf   1
1078  30.951099  110.465698     4.370   -18820.7    -1647.7    -1432.7      0.0      0.0      0.0 2018  2 27  7 14 43.55 -Inf   1
1136  31.041401  110.448502     1.630   -20454.2     8364.0    -4172.7      0.0      0.0      0.0 2018  2 28 10 11 39.06 -Inf   1
1148  30.962999  110.481003     7.420   -17357.3     -328.3     1617.3      0.0      0.0      0.0 2018  2 28 19 50 29.16 -Inf   1
1175  31.205799  110.552299     1.000   -10532.4    26590.6    -4802.7      0.0      0.0      0.0 2018  3  1 18 20 21.70 -Inf   1
1177  30.923901  110.494102     9.340   -16109.1    -4663.2     3537.3      0.0      0.0      0.0 2018  3  1 19  2 12.76 -Inf   1
1179  30.965799  110.469200     4.400   -18484.7      -17.9    -1402.7      0.0      0.0      0.0 2018  3  1 19 18 59.14 -Inf   1
1183  30.964300  110.477699     7.510   -17672.8     -184.1     1707.3      0.0      0.0      0.0 2018  3  1 20 17 23.30 -Inf   1
1270  30.868799  110.109802     1.000   -52847.6   -10772.2    -4802.7      0.0      0.0      0.0 2018  3  3 14 39 51.39 -Inf   1
1288  30.982401  110.467499     1.000   -18645.6     1822.7    -4802.7      0.0      0.0      0.0 2018  3  4  7  3 25.31 -Inf   1
1293  30.933599  110.775597     8.830    10789.8    -3587.9     3027.3      0.0      0.0      0.0 2018  3  4  9 28 58.33 -Inf   1
1306  30.900801  110.780296     8.000    11240.8    -7224.2     2197.3      0.0      0.0      0.0 2018  3  4 19 17 41.20 -Inf   1
1327  30.961100  110.478401     7.820   -17606.1     -538.9     2017.3      0.0      0.0      0.0 2018  3  5 19 11 25.84 -Inf   1
1350  30.975401  110.448799     1.860   -20432.8     1046.6    -3942.7      0.0      0.0      0.0 2018  3  7 23 10 39.00 -Inf   1
1354  31.047199  110.448402     1.000   -20463.0     9006.8    -4802.7      0.0      0.0      0.0 2018  3  8 12 28 32.85 -Inf   1
1356  31.042900  110.444099     4.990   -20874.4     8530.2     -812.7      0.0      0.0      0.0 2018  3  8 14 37 41.18 -Inf   1
1359  31.160900  110.271797    13.880   -37306.4    21612.7     8077.3      0.0      0.0      0.0 2018  3  8 18 13 51.20 -Inf   1
1362  31.184200  110.311401     1.000   -33522.5    24196.0    -4802.7      0.0      0.0      0.0 2018  3  9  0 22  2.18 -Inf   1
1403  31.230101  110.584702     1.000    -7439.6    29284.9    -4802.7      0.0      0.0      0.0 2018  3  9 18  0  9.56 -Inf   1
1484  30.689600  110.909103     1.000    23576.7   -30639.8    -4802.7      0.0      0.0      0.0 2018  3 13  7 36 34.16 -Inf   1
1501  30.737000  110.841797     8.470    17132.9   -25384.7     2667.3      0.0      0.0      0.0 2018  3 14  4 42 36.18 -Inf   1
1509  31.040400  110.453300     4.290   -19996.0     8253.0    -1512.7      0.0      0.0      0.0 2018  3 14 22 31 12.32 -Inf   1
1515  30.931499  110.772697    11.210    10512.9    -3820.7     5407.3      0.0      0.0      0.0 2018  3 15  5 33  7.52 -Inf   1
1521  30.927500  110.762802     9.070     9567.5    -4264.1     3267.3      0.0      0.0      0.0 2018  3 15  6 56 31.56 -Inf   1
1579  31.210199  110.549103     1.000   -10837.1    27078.5    -4802.7      0.0      0.0      0.0 2018  3 17 14 54 43.42 -Inf   1
1581  31.170200  110.310402     1.000   -33620.3    22643.8    -4802.7      0.0      0.0      0.0 2018  3 17 17 13 48.64 -Inf   1
1593  31.200399  110.574799     1.000    -8385.7    25992.0    -4802.7      0.0      0.0      0.0 2018  3 18 20 24  1.20 -Inf   1
1607  31.087601  110.193100     0.810   -44834.5    13486.1    -4992.7      0.0      0.0      0.0 2018  3 19 22  5 30.46 -Inf   1
1693  31.074301  110.281197     1.000   -36425.7    12011.5    -4802.7      0.0      0.0      0.0 2018  3 23 21 40 49.44 -Inf   1
1749  31.041201  110.736900     6.120     7088.2     8341.8      317.3      0.0      0.0      0.0 2018  3 26  5 52 38.41 -Inf   1
1765  30.997999  110.027298     6.000   -60693.2     3552.1      197.3      0.0      0.0      0.0 2018  3 27  0 21  1.64 -Inf   1
1798  30.887800  111.012100     6.460    33396.7    -8665.6      657.3      0.0      0.0      0.0 2018  3 28  4 47 50.53 -Inf   1
1811  31.084700  110.265999     1.000   -37874.9    13164.5    -4802.7      0.0      0.0      0.0 2018  3 28 17  3 29.34 -Inf   1
1861  31.087400  110.157600     0.770   -48224.0    13463.9    -5032.7      0.0      0.0      0.0 2018  3 30 18 34 59.64 -Inf   1
1869  30.867001  111.100098     6.950    41811.7   -10971.6     1147.3      0.0      0.0      0.0 2018  3 31  2 36 32.77 -Inf   1
1880  30.940701  110.770103     9.610    10264.5    -2800.6     3807.3      0.0      0.0      0.0 2018  3 31 18 20 22.18 -Inf   1
1884  31.081600  110.174004     1.760   -46659.3    12820.8    -4042.7      0.0      0.0      0.0 2018  3 31 23 33 49.20 -Inf   1
1914  31.202200  110.186401     4.920   -45447.0    26191.6     -882.7      0.0      0.0      0.0 2018  4  2  3 33 11.34 -Inf   1
1959  30.747000  111.164497     1.000    47997.3   -24276.0    -4802.7      0.0      0.0      0.0 2018  4  3 10 34 24.65 -Inf   1
1993  30.862400  111.135498     6.090    45196.6   -11481.7      287.3      0.0      0.0      0.0 2018  4  5  6 15  3.11 -Inf   1
2023  31.186399  110.304199     1.000   -34209.4    24439.8    -4802.7      0.0      0.0      0.0 2018  4  6 20 44 50.48 -Inf   1
2026  30.844299  111.125397     5.700    44235.2   -13488.5     -102.7      0.0      0.0      0.0 2018  4  7  2 23 54.02 -Inf   1
2071  30.765400  111.134399     1.130    45114.2   -22236.0    -4672.7      0.0      0.0      0.0 2018  4  9 10  1 52.29 -Inf   1
2076  30.820400  110.624100     6.340    -3688.6   -16138.1      537.3      0.0      0.0      0.0 2018  4  9 11 29 18.14 -Inf   1
2080  30.781401  110.762802     8.000     9574.7   -20462.0     2197.3      0.0      0.0      0.0 2018  4  9 18 56 36.78 -Inf   1
2086  30.775200  110.775101     5.020    10751.2   -21149.4     -782.7      0.0      0.0      0.0 2018  4  9 21 29 34.48 -Inf   1
2102  30.896299  110.780701     1.450    11279.7    -7723.3    -4352.7      0.0      0.0      0.0 2018  4 10 10 31 19.27 -Inf   1
2163  30.938499  110.016602     7.650   -61734.0    -3044.6     1847.3      0.0      0.0      0.0 2018  4 12  3 57 41.47 -Inf   1
2167  30.886200  111.117897     8.420    43508.8    -8843.0     2617.3      0.0      0.0      0.0 2018  4 12  6 44 42.80 -Inf   1
2195  31.162600  110.322601     1.000   -32457.3    21801.1    -4802.7      0.0      0.0      0.0 2018  4 13 19  9 37.04 -Inf   1
2196  30.924500  110.504700     2.210   -15096.3    -4596.8    -3592.7      0.0      0.0      0.0 2018  4 13 20 11 57.88 -Inf   1
2237  31.135401  110.449303     4.870   -20367.7    18785.6     -932.7      0.0      0.0      0.0 2018  4 15 11  2 59.66 -Inf   1
2243  30.906000  110.767998     6.570    10065.1    -6647.8      767.3      0.0      0.0      0.0 2018  4 16  1 20 18.41 -Inf   1
2287  31.062201  110.173203     1.870   -46740.5    10670.0    -3932.7      0.0      0.0      0.0 2018  4 18 18 40 45.52 -Inf   1
2319  31.043600  110.271500     1.000   -37357.6     8607.8    -4802.7      0.0      0.0      0.0 2018  4 20  8 50 53.08 -Inf   1
2341  31.058300  110.216599     3.680   -42597.4    10237.6    -2122.7      0.0      0.0      0.0 2018  4 22 17  1  1.80 -Inf   1
2359  30.917000  110.754097     3.470     8736.1    -5428.2    -2332.7      0.0      0.0      0.0 2018  4 25  5 41 10.90 -Inf   1
2396  30.694201  110.900803     8.920    22781.9   -30129.8     3117.3      0.0      0.0      0.0 2018  4 27  1 46  4.18 -Inf   1
2415  31.110600  110.277000     9.220   -36819.5    16036.0     3417.3      0.0      0.0      0.0 2018  4 27 22 45 37.64 -Inf   1
2419  30.765100  111.203201     1.000    51694.4   -22269.2    -4802.7      0.0      0.0      0.0 2018  4 28  2 47 15.24 -Inf   1
2432  30.880199  111.018204     4.110    33981.4    -9508.3    -1692.7      0.0      0.0      0.0 2018  4 28 16 13 39.72 -Inf   1
2447  30.889299  111.135300     5.830    45171.4    -8499.4       27.3      0.0      0.0      0.0 2018  4 29 12 33 51.70 -Inf   1
2448  31.195000  110.590797     5.060    -6859.3    25393.3     -742.7      0.0      0.0      0.0 2018  4 29 13 25  2.65 -Inf   1
2450  31.170799  110.504402     2.570   -15105.4    22710.2    -3232.7      0.0      0.0      0.0 2018  4 29 17 34  3.40 -Inf   1
2453  30.882000  111.016098     4.270    33779.8    -9308.6    -1532.7      0.0      0.0      0.0 2018  4 29 22 37 41.20 -Inf   1
2476  31.013100  110.472801     4.980   -18136.2     5226.2     -822.7      0.0      0.0      0.0 2018  4 30 14 23 52.09 -Inf   1
2504  30.847200  111.207298     8.930    52064.1   -13166.8     3127.3      0.0      0.0      0.0 2018  5  2  3 31 26.19 -Inf   1
2507  31.133699  110.032303     1.000   -60172.7    18597.0    -4802.7      0.0      0.0      0.0 2018  5  2  7 26  6.14 -Inf   1
2509  31.147100  110.306297     1.000   -34016.1    20082.8    -4802.7      0.0      0.0      0.0 2018  5  2 21 46 51.84 -Inf   1
2516  30.745600  110.872902    11.420    20107.3   -24431.2     5617.3      0.0      0.0      0.0 2018  5  3  4 24 24.08 -Inf   1
2520  30.878599  111.015099     4.040    33684.9    -9685.7    -1762.7      0.0      0.0      0.0 2018  5  3  6 34 41.26 -Inf   1
2521  30.710100  110.887001     3.980    21459.8   -28367.0    -1822.7      0.0      0.0      0.0 2018  5  3  7 28 44.27 -Inf   1
2618  30.744499  110.833702     7.810    16358.0   -24553.2     2007.3      0.0      0.0      0.0 2018  5  8  3 16 44.42 -Inf   1
2642  30.972799  111.193604    18.000    50721.9      758.2    12197.2      0.0      0.0      0.0 2018  5  9  4 57 57.52 -Inf   1
2668  31.072901  110.276001     2.120   -36922.1    11856.3    -3682.7      0.0      0.0      0.0 2018  5 10 17 33 36.72 -Inf   1
2674  30.940901  111.195297     0.580    50892.1    -2778.4    -5222.7      0.0      0.0      0.0 2018  5 10 21 57 56.12 -Inf   1
2682  30.944099  110.256203     3.950   -38838.5    -2423.7    -1852.7      0.0      0.0      0.0 2018  5 11  6  8 29.29 -Inf   1
2714  30.949699  111.186897     0.350    50087.2    -1802.9    -5452.7      0.0      0.0      0.0 2018  5 12 15 21 18.55 -Inf   1
2733  30.927799  111.183800     2.560    49796.9    -4230.9    -3242.7      0.0      0.0      0.0 2018  5 13 14 39 59.50 -Inf   1
2765  31.183001  110.521103     1.000   -13510.7    24063.0    -4802.7      0.0      0.0      0.0 2018  5 14 21 30 13.92 -Inf   1
2785  30.898899  111.040001     3.640    36061.3    -7435.1    -2162.7      0.0      0.0      0.0 2018  5 16  1 43 18.75 -Inf   1
2788  30.996099  109.975502     1.000   -65641.6     3341.5    -4802.7      0.0      0.0      0.0 2018  5 16  2 55 51.28 -Inf   1
2818  30.938801  110.770500     9.750    10302.5    -3011.2     3947.3      0.0      0.0      0.0 2018  5 17 10 26 14.80 -Inf   1
2836  30.941999  110.764801     8.100     9757.8    -2656.6     2297.3      0.0      0.0      0.0 2018  5 17 14 44 14.13 -Inf   1
2908  30.899099  110.737801     1.000     7179.5    -7412.8    -4802.7      0.0      0.0      0.0 2018  5 19  4  5  3.57 -Inf   1
2914  31.016001  110.679604     1.000     1616.5     5547.9    -4802.7      0.0      0.0      0.0 2018  5 19  7  6 21.58 -Inf   1
2925  31.176701  110.516098     1.000   -13988.8    23364.5    -4802.7      0.0      0.0      0.0 2018  5 19 17 28 43.74 -Inf   1
2949  30.939301  111.171799     0.740    48647.2    -2955.8    -5062.7      0.0      0.0      0.0 2018  5 20  4 40 53.53 -Inf   1
2962  31.177601  110.515297     6.340   -14065.2    23464.3      537.3      0.0      0.0      0.0 2018  5 20 23 16  5.84 -Inf   1
2963  30.924900  110.757500    10.140     9060.9    -4552.3     4337.3      0.0      0.0      0.0 2018  5 21  0 31  4.02 -Inf   1
2983  31.151300  110.325600     4.090   -32173.0    20548.4    -1712.7      0.0      0.0      0.0 2018  5 21 11 53  0.19 -Inf   1
2996  31.089800  110.425201     1.310   -22673.7    13729.9    -4492.7      0.0      0.0      0.0 2018  5 22 11 28 22.33 -Inf   1
3028  30.741800  111.214203     2.000    52752.9   -24852.4    -3802.7      0.0      0.0      0.0 2018  5 24  8 39 17.63 -Inf   1
3043  31.118999  110.037697     1.000   -59662.4    16967.2    -4802.7      0.0      0.0      0.0 2018  5 25  7  3 28.06 -Inf   1
3060  31.210400  110.512299     1.000   -14348.9    27100.7    -4802.7      0.0      0.0      0.0 2018  5 26  7 49  3.83 -Inf   1
3070  31.201401  110.319801     0.130   -32717.9    26103.0    -5672.7      0.0      0.0      0.0 2018  5 26 21 31 57.42 -Inf   1
3081  30.780100  110.771400     8.670    10397.1   -20606.2     2867.3      0.0      0.0      0.0 2018  5 27  5 31  1.02 -Inf   1
3102  30.989500  110.053299     7.460   -58212.1     2609.8     1657.3      0.0      0.0      0.0 2018  5 28  1 31  0.28 -Inf   1
3104  30.793900  111.162102     5.340    47756.6   -19076.2     -462.7      0.0      0.0      0.0 2018  5 28  3 57 47.81 -Inf   1
3192  31.021601  110.356903     4.920   -29204.9     6168.8     -882.7      0.0      0.0      0.0 2018  6  1 10 52 48.96 -Inf   1
3198  31.193100  110.527702     1.000   -12880.3    25182.7    -4802.7      0.0      0.0      0.0 2018  6  1 17 43  8.64 -Inf   1
3201  31.171700  110.524803     0.970   -13158.4    22810.0    -4832.7      0.0      0.0      0.0 2018  6  1 19 54 47.20 -Inf   1
3230  30.695900  110.935303    10.040    26082.4   -29941.3     4237.3      0.0      0.0      0.0 2018  6  2 20 56 41.16 -Inf   1
3299  30.909700  110.758301    12.200     9138.2    -6237.5     6397.3      0.0      0.0      0.0 2018  6  5  9 58 19.66 -Inf   1
3365  30.847099  111.141800     5.910    45802.6   -13178.0      107.3      0.0      0.0      0.0 2018  6  8  2 14 51.03 -Inf   1
3382  30.698700  110.934601     9.710    26014.9   -29630.9     3907.3      0.0      0.0      0.0 2018  6  8 21 15 56.56 -Inf   1
3396  31.166401  110.325996     1.000   -32132.7    22222.6    -4802.7      0.0      0.0      0.0 2018  6  9 17 28 35.56 -Inf   1
3403  30.995800  109.993202     4.000   -63950.9     3308.3    -1802.7      0.0      0.0      0.0 2018  6 10  1 12 54.61 -Inf   1
3409  30.917400  110.139099     1.000   -50034.6    -5383.8    -4802.7      0.0      0.0      0.0 2018  6 10  4 45 40.98 -Inf   1
3431  30.849001  111.142700     5.800    45888.3   -12967.2       -2.7      0.0      0.0      0.0 2018  6 11  2 16 48.11 -Inf   1
3470  31.124800  110.793999    10.310    12535.7    17610.3     4507.3      0.0      0.0      0.0 2018  6 11  7 24 40.48 -Inf   1
3482  31.114300  110.793800     9.400    12517.5    16446.2     3597.3      0.0      0.0      0.0 2018  6 11  9 43 29.95 -Inf   1
3550  30.868900  111.219299     1.200    53205.4   -10761.0    -4602.7      0.0      0.0      0.0 2018  6 14  8  4  0.73 -Inf   1
3566  31.082001  110.184196     1.820   -45685.9    12865.2    -3982.7      0.0      0.0      0.0 2018  6 15 11 15 50.42 -Inf   1
3578  30.728399  110.933601    10.710    25915.3   -26338.2     4907.3      0.0      0.0      0.0 2018  6 16  3 27  2.36 -Inf   1
3593  31.113300  110.788696     8.910    12030.3    16335.4     3107.3      0.0      0.0      0.0 2018  6 16 11 33 58.36 -Inf   1
3594  31.136801  110.803802    13.130    13470.8    18940.9     7327.3      0.0      0.0      0.0 2018  6 16 11 56 17.95 -Inf   1
3633  30.851801  111.132202     5.880    44884.0   -12656.8       77.3      0.0      0.0      0.0 2018  6 18  3  7 36.58 -Inf   1
3665  30.888300  111.148300     6.980    46414.2    -8610.2     1177.3      0.0      0.0      0.0 2018  6 20  9  7 47.26 -Inf   1
3687  31.096100  110.092499     1.000   -54437.3    14428.4    -4802.7      0.0      0.0      0.0 2018  6 21 19 11 44.52 -Inf   1
3717  30.840000  111.146599     3.830    46263.1   -13965.1    -1972.7      0.0      0.0      0.0 2018  6 23  9 14 40.24 -Inf   1
3720  30.849501  111.142799     5.580    45897.6   -12911.8     -222.7      0.0      0.0      0.0 2018  6 23 23 21 41.88 -Inf   1
3772  31.060400  110.463402     2.100   -19029.3    10470.4    -3702.7      0.0      0.0      0.0 2018  6 26 23 30 56.96 -Inf   1
3786  30.858801  111.134399     5.060    45092.4   -11880.7     -742.7      0.0      0.0      0.0 2018  6 28  4 34 56.01 -Inf   1
3803  31.035200  110.449699     6.020   -20340.4     7676.5      217.3      0.0      0.0      0.0 2018  6 29  5 57 13.55 -Inf   1
3816  31.103001  110.075500     1.000   -56058.2    15193.5    -4802.7      0.0      0.0      0.0 2018  6 29 23 26 48.80 -Inf   1
3832  31.128799  110.042297     1.000   -59220.2    18053.8    -4802.7      0.0      0.0      0.0 2018  7  1  5 42 25.21 -Inf   1
3846  30.805901  110.924301     1.000    25015.7   -17745.7    -4802.7      0.0      0.0      0.0 2018  7  2  6 31 50.79 -Inf   1
3847  30.855000  111.142998     5.770    45915.3   -12302.1      -32.7      0.0      0.0      0.0 2018  7  2  7 15 46.31 -Inf   1
3878  31.081400  110.190300     1.400   -45103.3    12798.6    -4402.7      0.0      0.0      0.0 2018  7  4 11  9 42.80 -Inf   1
3893  30.932199  110.766998    11.240     9968.2    -3743.1     5437.3      0.0      0.0      0.0 2018  7  4 16 43 15.45 -Inf   1
3902  31.153400  110.312698     4.540   -33404.1    20781.2    -1262.7      0.0      0.0      0.0 2018  7  4 20 29 43.00 -Inf   1
3948  30.981100  110.833603     1.000    16328.5     1678.5    -4802.7      0.0      0.0      0.0 2018  7  7 17 47 20.36 -Inf   1
4055  30.838100  110.465401     1.000   -18860.1   -14175.7    -4802.7      0.0      0.0      0.0 2018  7 17  3 54 41.12 -Inf   1
4073  30.953400  110.254204     2.100   -39027.6    -1392.6    -3702.7      0.0      0.0      0.0 2018  7 17 21  1 31.00 -Inf   1
4095  31.041800  110.462402    10.350   -19126.6     8408.2     4547.3      0.0      0.0      0.0 2018  7 19 11 47  5.06 -Inf   1
4106  30.906000  110.075401     1.000   -56125.0    -6647.8    -4802.7      0.0      0.0      0.0 2018  7 20  9  9 35.16 -Inf   1
4163  30.719500  110.929604     8.310    25534.1   -27324.9     2507.3      0.0      0.0      0.0 2018  7 23  7 47 29.51 -Inf   1
4164  30.993999  109.990601     1.000   -64200.0     3108.6    -4802.7      0.0      0.0      0.0 2018  7 23  7 55 34.32 -Inf   1
4202  31.016199  110.530899    10.220   -12586.8     5569.9     4417.3      0.0      0.0      0.0 2018  7 25 12 57 58.47 -Inf   1
4220  31.023199  110.523201     1.160   -13321.6     6346.0    -4642.7      0.0      0.0      0.0 2018  7 27  5 19  8.89 -Inf   1
4243  30.707701  111.218399     4.000    53163.6   -28633.0    -1802.7      0.0      0.0      0.0 2018  7 30  8 21  6.32 -Inf   1
4249  30.762100  111.101097     9.030    41930.0   -22601.8     3227.3      0.0      0.0      0.0 2018  7 31  2  4 35.78 -Inf   1
4252  31.020800  110.525101     6.510   -13140.3     6079.9      707.3      0.0      0.0      0.0 2018  7 31  4 11 59.62 -Inf   1
4268  31.191099  110.340897     1.000   -30706.6    24960.9    -4802.7      0.0      0.0      0.0 2018  8  2  3 16 51.09 -Inf   1
4276  30.929600  110.766998     9.580     9968.4    -4031.3     3777.3      0.0      0.0      0.0 2018  8  2 13  0  7.07 -Inf   1
4281  30.929399  110.770203     9.930    10274.6    -4053.5     4127.3      0.0      0.0      0.0 2018  8  3  4 34 24.04 -Inf   1
4283  31.036400  110.066002     4.000   -56984.8     7809.5    -1802.7      0.0      0.0      0.0 2018  8  3  6 39 36.25 -Inf   1
4289  30.998699  109.973503     6.000   -65831.6     3629.7      197.3      0.0      0.0      0.0 2018  8  4  7 32  0.75 -Inf   1
4292  30.872499  110.947998     1.770    27272.1   -10361.9    -4032.7      0.0      0.0      0.0 2018  8  4  9 45 36.14 -Inf   1
4328  30.877800  110.944000     3.210    26889.3    -9774.3    -2592.7      0.0      0.0      0.0 2018  8  7  9 34 32.56 -Inf   1
4329  31.102100  110.208801     5.180   -43332.1    15093.7     -622.7      0.0      0.0      0.0 2018  8  7 12  5 53.32 -Inf   1
4386  30.752300  110.838501     7.530    16816.3   -23688.3     1727.3      0.0      0.0      0.0 2018  8 11  2 49  5.34 -Inf   1
4388  31.137899  110.017303     8.000   -61603.1    19062.7     2197.3      0.0      0.0      0.0 2018  8 11  5 52 11.66 -Inf   1
4393  30.877399  111.166199     8.570    48127.6    -9818.7     2767.3      0.0      0.0      0.0 2018  8 11 20  1 22.44 -Inf   1
4395  30.838400  110.471001     1.000   -18324.8   -14142.5    -4802.7      0.0      0.0      0.0 2018  8 11 21 33 48.08 -Inf   1
4400  30.878500  110.906898     3.670    23342.9    -9696.7    -2132.7      0.0      0.0      0.0 2018  8 12 11  3 44.95 -Inf   1
4408  30.874901  110.946503     1.460    27128.9   -10095.7    -4342.7      0.0      0.0      0.0 2018  8 14  2  1  2.40 -Inf   1
4440  30.757000  111.097504     1.170    41587.4   -23167.3    -4632.7      0.0      0.0      0.0 2018  8 18  5 59 59.03 -Inf   1
4449  30.868999  110.947899     0.450    27263.1   -10750.0    -5352.7      0.0      0.0      0.0 2018  8 19  8 45 26.06 -Inf   1
4457  31.017599  110.506104     1.010   -14955.0     5725.1    -4792.7      0.0      0.0      0.0 2018  8 19 21 59 39.56 -Inf   1
4473  31.143600  110.314201     1.970   -33262.3    19694.7    -3832.7      0.0      0.0      0.0 2018  8 20 18 54 57.24 -Inf   1
4487  30.870899  110.940598     1.890    26565.0   -10539.4    -3912.7      0.0      0.0      0.0 2018  8 22  8 44 34.73 -Inf   1
4505  31.014500  110.147102     0.640   -49245.0     5381.5    -5162.7      0.0      0.0      0.0 2018  8 24  7  3 31.27 -Inf   1
4541  31.236700  110.084602     7.610   -55150.9    30016.6     1807.3      0.0      0.0      0.0 2018  8 27  6 16 37.27 -Inf   1
4545  30.914499  110.892303     0.060    21943.8    -5705.5    -5742.7      0.0      0.0      0.0 2018  8 27 10 52 38.05 -Inf   1
4556  30.728600  111.106003     1.000    42406.5   -26316.0    -4802.7      0.0      0.0      0.0 2018  8 28  2 40 39.29 -Inf   1
4566  30.907101  110.148903     6.580   -49100.3    -6525.7      777.3      0.0      0.0      0.0 2018  8 29  5 56 28.84 -Inf   1
4625  31.061600  110.128304     2.220   -51028.1    10603.4    -3582.7      0.0      0.0      0.0 2018  9  2 16 59 10.68 -Inf   1
4636  31.032101  110.315102    10.090   -33195.6     7332.9     4287.3      0.0      0.0      0.0 2018  9  4  1 11 57.15 -Inf   1
4669  31.067499  109.703003     2.000   -91637.6    11257.5    -3802.7      0.0      0.0      0.0 2018  9  6  9 57 36.23 -Inf   1
4695  30.913401  110.894302     3.670    22135.0    -5827.3    -2132.7      0.0      0.0      0.0 2018  9  8  7 51 33.84 -Inf   1
4717  31.217501  110.827202     5.160    15697.7    27888.0     -642.7      0.0      0.0      0.0 2018  9  9  4 48 54.97 -Inf   1
4728  31.160900  110.297203     2.060   -34881.7    21612.7    -3742.7      0.0      0.0      0.0 2018  9  9 15 36 52.32 -Inf   1
4740  30.757000  111.010201     2.040    33237.6   -23167.3    -3762.7      0.0      0.0      0.0 2018  9 10  4 19  4.77 -Inf   1
4748  30.732500  110.277000     2.000   -36891.7   -25883.5    -3802.7      0.0      0.0      0.0 2018  9 10  8 23 34.79 -Inf   1
4750  30.929600  110.105797     1.000   -53213.7    -4031.3    -4802.7      0.0      0.0      0.0 2018  9 10 10 25 50.13 -Inf   1
4758  31.141899  110.300697     1.000   -34551.6    19506.1    -4802.7      0.0      0.0      0.0 2018  9 10 17 17  2.04 -Inf   1
4787  31.138201  110.305801     1.000   -34065.0    19096.1    -4802.7      0.0      0.0      0.0 2018  9 11 23  1 11.36 -Inf   1
4830  31.187099  110.379402     1.000   -27032.7    24517.4    -4802.7      0.0      0.0      0.0 2018  9 13 17  2 16.80 -Inf   1
4831  30.885900  111.017197     4.240    33884.1    -8876.2    -1562.7      0.0      0.0      0.0 2018  9 13 17 23  3.70 -Inf   1
4834  31.180901  110.548698     1.000   -10877.4    23830.2    -4802.7      0.0      0.0      0.0 2018  9 13 21  2 43.04 -Inf   1
4847  31.003000  109.696503     2.000   -92289.2     4106.5    -3802.7      0.0      0.0      0.0 2018  9 14  6 25 24.45 -Inf   1
4848  31.142500  110.579697     1.330    -7920.7    19572.7    -4472.7      0.0      0.0      0.0 2018  9 14  6 43 53.14 -Inf   1
4861  30.863701  111.114601     6.750    43198.8   -11337.4      947.3      0.0      0.0      0.0 2018  9 14 15 16 41.94 -Inf   1
4921  31.058500  110.195900     5.660   -44573.9    10259.8     -142.7      0.0      0.0      0.0 2018  9 17  5 24 21.97 -Inf   1
4958  31.153200  110.295303     2.100   -35064.4    20759.0    -3702.7      0.0      0.0      0.0 2018  9 18 15 23 31.35 -Inf   1
4960  31.204300  110.556999     1.000   -10084.0    26424.4    -4802.7      0.0      0.0      0.0 2018  9 18 18  0 44.68 -Inf   1
5003  31.123600  110.817497    13.970    14779.0    17477.3     8167.3      0.0      0.0      0.0 2018  9 20  4 47 43.21 -Inf   1
5037  30.865101  111.089897     7.640    40837.1   -11182.2     1837.3      0.0      0.0      0.0 2018  9 21 17 15  1.70 -Inf   1
5050  30.919001  110.895203     0.510    22220.3    -5206.4    -5292.7      0.0      0.0      0.0 2018  9 22  5  6  2.90 -Inf   1
5081  30.870100  111.114098     8.910    43149.2   -10628.0     3107.3      0.0      0.0      0.0 2018  9 23 16 35 54.23 -Inf   1
5084  31.150801  110.096901     2.230   -54001.7    20493.0    -3572.7      0.0      0.0      0.0 2018  9 23 19 19 25.40 -Inf   1
5085  31.152500  110.303398     2.130   -34291.9    20681.4    -3672.7      0.0      0.0      0.0 2018  9 23 20 22 51.52 -Inf   1
5117  31.131800  110.297600     0.830   -34849.1    18386.4    -4972.7      0.0      0.0      0.0 2018  9 25 15 29  1.50 -Inf   1
5120  31.190300  110.536797     1.000   -12012.6    24872.3    -4802.7      0.0      0.0      0.0 2018  9 25 18 49 40.16 -Inf   1
5124  30.841801  111.101799     6.350    41979.8   -13765.5      547.3      0.0      0.0      0.0 2018  9 25 23  5  1.70 -Inf   1
5133  30.893299  110.771202     9.010    10372.0    -8055.9     3207.3      0.0      0.0      0.0 2018  9 26  7 56 32.83 -Inf   1
5147  30.864901  111.117699     8.250    43494.6   -11204.4     2447.3      0.0      0.0      0.0 2018  9 26 13 40  7.27 -Inf   1
5151  30.865801  111.084702     6.760    40340.3   -11104.6      957.3      0.0      0.0      0.0 2018  9 26 15 20 56.12 -Inf   1
5158  30.871000  111.105202     6.040    42298.7   -10528.2      237.3      0.0      0.0      0.0 2018  9 27  1 45 28.87 -Inf   1
5179  30.882900  111.016998     6.440    33865.7    -9208.8      637.3      0.0      0.0      0.0 2018  9 27 10 21 29.73 -Inf   1
5181  31.139601  110.300499     1.000   -34570.9    19251.3    -4802.7      0.0      0.0      0.0 2018  9 27 13 24  7.15 -Inf   1
5182  30.828800  110.642097     5.930    -1967.7   -15206.8      127.3      0.0      0.0      0.0 2018  9 27 14  5 25.46 -Inf   1
5190  30.846201  111.103600     5.370    42151.0   -13277.6     -432.7      0.0      0.0      0.0 2018  9 28  1 37 10.78 -Inf   1
5191  30.779301  111.088097     1.000    40683.0   -20694.8    -4802.7      0.0      0.0      0.0 2018  9 28  2 19 58.01 -Inf   1
5227  30.765600  110.296898     1.000   -34982.4   -22213.8    -4802.7      0.0      0.0      0.0 2018  9 29  6  1 29.43 -Inf   1
5236  30.861000  111.085503     7.110    40417.9   -11636.9     1307.3      0.0      0.0      0.0 2018  9 29 19 25 23.48 -Inf   1
5239  30.833799  111.260696    11.480    57172.8   -14652.6     5677.3      0.0      0.0      0.0 2018  9 30  1 52  2.92 -Inf   1
5242  31.033800  109.745102    14.000   -87633.0     7521.3     8197.2      0.0      0.0      0.0 2018  9 30  3 38  5.37 -Inf   1
5254  30.753401  111.200203     6.000    51410.7   -23566.3      197.3      0.0      0.0      0.0 2018  9 30 10 59 48.65 -Inf   1
5272  31.140900  110.296997     1.000   -34904.9    19395.3    -4802.7      0.0      0.0      0.0 2018 10  1 15  7 31.70 -Inf   1
5280  31.080500  109.907501    14.000   -72105.6    12698.8     8197.2      0.0      0.0      0.0 2018 10  2  3 55 34.07 -Inf   1
5287  30.965599  110.748299    12.230     8180.0      -40.1     6427.3      0.0      0.0      0.0 2018 10  2 15  5  2.78 -Inf   1
5289  30.885599  111.155899     1.000    47141.1    -8909.6    -4802.7      0.0      0.0      0.0 2018 10  2 15 41 37.31 -Inf   1
5305  31.095600  109.809998     4.000   -81409.0    14373.0    -1802.7      0.0      0.0      0.0 2018 10  3 10 30 58.26 -Inf   1
5314  31.152901  110.344398     1.000   -30378.5    20725.8    -4802.7      0.0      0.0      0.0 2018 10  3 19 36 15.04 -Inf   1
5323  31.162300  110.544899     5.210   -11241.0    21767.9     -592.7      0.0      0.0      0.0 2018 10  4 18 25 14.16 -Inf   1
5363  31.157900  110.351898     2.280   -29661.9    21280.1    -3522.7      0.0      0.0      0.0 2018 10  7 11 43 50.30 -Inf   1
5364  31.039301  110.482399     3.940   -17217.1     8131.2    -1862.7      0.0      0.0      0.0 2018 10  7 14 30 17.80 -Inf   1
5380  31.152399  110.302498     1.000   -34377.8    20670.2    -4802.7      0.0      0.0      0.0 2018 10  8  5 25  6.32 -Inf   1
5419  31.147499  110.295998     1.000   -34999.1    20127.0    -4802.7      0.0      0.0      0.0 2018 10  9 20 27 16.88 -Inf   1
5428  30.894400  111.119003    12.340    43612.7    -7933.9     6537.3      0.0      0.0      0.0 2018 10 10  9 45 51.44 -Inf   1
5431  31.140900  110.302902     0.510   -34341.3    19395.3    -5292.7      0.0      0.0      0.0 2018 10 10 14 39 48.57 -Inf   1
5434  30.895901  111.132896     4.560    44940.1    -7767.5    -1242.7      0.0      0.0      0.0 2018 10 10 21 13 15.84 -Inf   1
5441  31.004900  111.242500     1.000    55384.0     4317.2    -4802.7      0.0      0.0      0.0 2018 10 11  5 13 56.40 -Inf   1
5453  31.051701  110.484001     8.730   -17063.0     9505.9     2927.3      0.0      0.0      0.0 2018 10 11  7 23 12.28 -Inf   1
5465  31.045900  110.447502     8.650   -20549.1     8862.8     2847.3      0.0      0.0      0.0 2018 10 11  8  4 28.15 -Inf   1
5513  31.057501  110.440300     9.250   -21235.7    10149.0     3447.3      0.0      0.0      0.0 2018 10 11 10 47 56.94 -Inf   1
5523  31.043400  110.452103     0.840   -20110.1     8585.6    -4962.7      0.0      0.0      0.0 2018 10 11 11 46 12.22 -Inf   1
5571  31.047600  110.462097    10.370   -19155.2     9051.2     4567.3      0.0      0.0      0.0 2018 10 11 17 22 10.84 -Inf   1
5572  31.161200  110.126404     4.670   -51183.0    21645.9    -1132.7      0.0      0.0      0.0 2018 10 11 17 32 20.88 -Inf   1
5575  31.047899  110.447800     1.460   -20520.5     9084.4    -4342.7      0.0      0.0      0.0 2018 10 11 17 47  6.52 -Inf   1
5625  31.049900  110.467903     0.800   -18600.5     9306.3    -5002.7      0.0      0.0      0.0 2018 10 11 19 34 16.70 -Inf   1
5644  31.052601  110.449501     5.110   -20357.5     9605.7     -692.7      0.0      0.0      0.0 2018 10 11 20 18 57.12 -Inf   1
5646  31.048500  110.445000     6.160   -20787.8     9151.1      357.3      0.0      0.0      0.0 2018 10 11 20 24  4.34 -Inf   1
5657  31.084101  110.538101    12.090   -11894.7    13098.1     6287.3      0.0      0.0      0.0 2018 10 11 20 56  9.90 -Inf   1
5675  31.033199  110.468597     0.260   -18535.8     7454.7    -5542.7      0.0      0.0      0.0 2018 10 11 22  4 48.90 -Inf   1
5679  31.008200  110.473801    12.940   -18041.2     4683.0     7137.3      0.0      0.0      0.0 2018 10 11 22 40 14.88 -Inf   1
5718  31.034800  110.452904     4.820   -20034.4     7632.1     -982.7      0.0      0.0      0.0 2018 10 12  5 37  3.57 -Inf   1
5730  31.027700  110.462196     1.830   -19147.7     6845.0    -3972.7      0.0      0.0      0.0 2018 10 12  6 32 18.34 -Inf   1
5749  31.071800  110.441299     8.870   -21138.6    11734.3     3067.3      0.0      0.0      0.0 2018 10 12 12  6  4.23 -Inf   1
5774  31.040600  110.467796     0.900   -18611.6     8275.2    -4902.7      0.0      0.0      0.0 2018 10 12 17 30 19.44 -Inf   1
5783  31.154699  110.543503     7.230   -11374.8    20925.3     1427.3      0.0      0.0      0.0 2018 10 12 20 24 50.56 -Inf   1
5787  31.048901  110.474403     1.000   -17979.8     9195.5    -4802.7      0.0      0.0      0.0 2018 10 12 21 55  2.48 -Inf   1
5797  31.061001  110.474800     0.260   -17940.8    10537.0    -5542.7      0.0      0.0      0.0 2018 10 13  0 52 31.11 -Inf   1
5809  31.011900  110.451797     4.220   -20142.5     5093.2    -1582.7      0.0      0.0      0.0 2018 10 13  5  5 59.58 -Inf   1
5814  30.909599  111.173302     2.780    48798.3    -6248.7    -3022.7      0.0      0.0      0.0 2018 10 13  6 49 20.48 -Inf   1
5821  31.036699  110.465302     1.850   -18850.2     7842.7    -3952.7      0.0      0.0      0.0 2018 10 13  8 52 23.77 -Inf   1
5847  31.040300  110.453400     5.000   -19986.5     8242.0     -802.7      0.0      0.0      0.0 2018 10 13 16 33 13.52 -Inf   1
5854  31.043200  110.473900     0.250   -18028.4     8563.4    -5552.7      0.0      0.0      0.0 2018 10 13 19 25 59.48 -Inf   1
5855  31.145700  110.294701     1.000   -35123.3    19927.6    -4802.7      0.0      0.0      0.0 2018 10 13 19 48 33.84 -Inf   1
5901  31.045900  110.459900     4.510   -19365.2     8862.8    -1292.7      0.0      0.0      0.0 2018 10 14 11 26 42.14 -Inf   1
5967  31.054800  110.455399     4.260   -19794.1     9849.5    -1542.7      0.0      0.0      0.0 2018 10 15 11  3 56.29 -Inf   1
5990  31.036301  110.448601     0.200   -20445.2     7798.5    -5602.7      0.0      0.0      0.0 2018 10 15 22  6 28.04 -Inf   1
6039  31.180300  111.012802    11.950    33413.0    23763.5     6147.3      0.0      0.0      0.0 2018 10 17  2 23 59.74 -Inf   1
6069  31.100700  110.426903     8.460   -22509.9    14938.4     2657.3      0.0      0.0      0.0 2018 10 18  1 20  1.20 -Inf   1
6116  31.027700  109.871201     3.200   -75592.4     6845.0    -2602.7      0.0      0.0      0.0 2018 10 19  7 13 15.35 -Inf   1
6119  31.042500  110.465202     1.000   -18859.1     8485.8    -4802.7      0.0      0.0      0.0 2018 10 19  7 43 12.49 -Inf   1
6130  30.970501  110.810600     1.810    14131.8      503.4    -3992.7      0.0      0.0      0.0 2018 10 19 16 57 31.43 -Inf   1
6135  31.030199  110.468597     4.550   -18536.1     7122.0    -1252.7      0.0      0.0      0.0 2018 10 19 18 15 35.56 -Inf   1
6148  31.009600  110.091202     1.000   -54585.7     4838.2    -4802.7      0.0      0.0      0.0 2018 10 20  3 42 36.94 -Inf   1
6174  31.002300  110.117699     1.000   -52056.8     4028.9    -4802.7      0.0      0.0      0.0 2018 10 21  3 41  8.78 -Inf   1
6180  30.812099  111.268097     2.300    57886.8   -17058.4    -3502.7      0.0      0.0      0.0 2018 10 21  7 37 57.25 -Inf   1
6192  31.050900  110.435898     1.920   -21656.8     9417.1    -3882.7      0.0      0.0      0.0 2018 10 21 18 24 23.06 -Inf   1
6220  31.136400  110.294998     1.000   -35096.6    18896.4    -4802.7      0.0      0.0      0.0 2018 10 22 19 10 33.78 -Inf   1
6252  30.979000  110.022903     0.030   -61119.0     1445.7    -5772.7      0.0      0.0      0.0 2018 10 24  2 45 17.72 -Inf   1
6275  31.044600  110.441200     1.920   -21151.1     8718.6    -3882.7      0.0      0.0      0.0 2018 10 24 19 13  6.34 -Inf   1
6282  31.285101  110.837601     1.570    16684.0    35382.7    -4232.7      0.0      0.0      0.0 2018 10 27  3 19 38.10 -Inf   1
6298  31.153999  110.319000     7.910   -32802.5    20847.6     2107.3      0.0      0.0      0.0 2018 10 27 20 18 33.50 -Inf   1
6299  31.146500  110.295097     1.000   -35085.3    20016.2    -4802.7      0.0      0.0      0.0 2018 10 27 20 36 15.26 -Inf   1
6300  31.173100  110.263496     1.000   -38096.3    22965.3    -4802.7      0.0      0.0      0.0 2018 10 27 21 12 17.96 -Inf   1
6306  30.829100  111.256897    10.790    56810.9   -15173.6     4987.3      0.0      0.0      0.0 2018 10 28  2 59  3.95 -Inf   1
6307  31.212799  111.018799    10.000    33979.5    27366.7     4197.3      0.0      0.0      0.0 2018 10 28  3 19 15.50 -Inf   1
6361  31.051300  110.446999     6.560   -20596.6     9461.5      757.3      0.0      0.0      0.0 2018 10 30  6 30 26.81 -Inf   1
6389  31.051100  110.449097     1.000   -20396.3     9439.3    -4802.7      0.0      0.0      0.0 2018 10 31 12 29 15.88 -Inf   1
6433  31.040899  110.454697     1.420   -19862.6     8308.4    -4382.7      0.0      0.0      0.0 2018 11  2 18 18 19.66 -Inf   1
6438  31.166100  110.319099     4.810   -32790.9    22189.2     -992.7      0.0      0.0      0.0 2018 11  2 21  0 39.46 -Inf   1
6460  31.044100  110.461197     1.000   -19241.5     8663.2    -4802.7      0.0      0.0      0.0 2018 11  3 14 25 12.89 -Inf   1
6486  31.029800  109.771103     6.000   -85151.6     7077.8      197.3      0.0      0.0      0.0 2018 11  5  3 53 42.08 -Inf   1
6508  31.205601  110.356499     1.000   -29215.6    26568.6    -4802.7      0.0      0.0      0.0 2018 11  6  1 32 41.14 -Inf   1
6534  30.881399  111.145302     6.650    46129.2    -9375.2      847.3      0.0      0.0      0.0 2018 11  7  5  6 16.43 -Inf   1
6545  31.147400  110.292999     1.000   -35285.4    20116.0    -4802.7      0.0      0.0      0.0 2018 11  7 14 23 52.85 -Inf   1
6558  31.081200  109.850800    14.000   -77519.3    12776.4     8197.2      0.0      0.0      0.0 2018 11  8  4  1 29.69 -Inf   1
6566  31.042500  110.456497     2.030   -19690.5     8485.8    -3772.7      0.0      0.0      0.0 2018 11  8 12 12 51.85 -Inf   1
6576  30.872499  110.557198     8.960   -10082.4   -10361.9     3157.3      0.0      0.0      0.0 2018 11  8 22 11 45.48 -Inf   1
6593  31.198601  110.549400     1.000   -10809.4    25792.6    -4802.7      0.0      0.0      0.0 2018 11  9 18 47 21.72 -Inf   1
6604  30.841801  111.238503     7.610    55048.7   -13765.5     1807.3      0.0      0.0      0.0 2018 11 10  1 58  2.65 -Inf   1
6607  31.310900  110.814697     1.000    14497.5    38243.0    -4802.7      0.0      0.0      0.0 2018 11 10  3 27 51.61 -Inf   1
6616  31.167500  110.307098     1.000   -33936.1    22344.4    -4802.7      0.0      0.0      0.0 2018 11 10 11 41 55.92 -Inf   1
6620  31.146099  110.520203     2.120   -13599.2    19971.8    -3682.7      0.0      0.0      0.0 2018 11 10 13 44  9.02 -Inf   1
6624  30.888800  110.511497     8.350   -14449.4    -8554.8     2547.3      0.0      0.0      0.0 2018 11 10 16  6 56.65 -Inf   1
6665  31.155100  110.268501     0.640   -37622.1    20969.7    -5162.7      0.0      0.0      0.0 2018 11 11 18 52 17.60 -Inf   1
6678  31.106600  110.404099     8.560   -24686.3    15592.5     2757.3      0.0      0.0      0.0 2018 11 12  5 31 26.18 -Inf   1
6714  31.043400  110.451599     7.110   -20158.1     8585.6     1307.3      0.0      0.0      0.0 2018 11 15 21 54 59.38 -Inf   1
6749  30.892799  110.258598    10.250   -38619.9    -8111.3     4447.3      0.0      0.0      0.0 2018 11 17 11 58 24.22 -Inf   1
6825  31.042801  110.464302     2.250   -18945.1     8519.2    -3552.7      0.0      0.0      0.0 2018 11 20 16 57 48.11 -Inf   1
6849  30.889099  111.144798     7.220    46079.3    -8521.6     1417.3      0.0      0.0      0.0 2018 11 21 15 22 11.48 -Inf   1
6865  31.243700  110.312500     3.710   -33407.3    30792.7    -2092.7      0.0      0.0      0.0 2018 11 22  4  5 29.34 -Inf   1
6875  30.890301  111.140701     6.960    45687.4    -8388.3     1157.3      0.0      0.0      0.0 2018 11 22 13 11 27.87 -Inf   1
6877  31.172800  110.314102     1.000   -33266.7    22932.1    -4802.7      0.0      0.0      0.0 2018 11 22 14 29 57.48 -Inf   1
6880  31.138000  110.302498     0.370   -34380.4    19073.9    -5432.7      0.0      0.0      0.0 2018 11 22 16 33 28.35 -Inf   1
6893  31.111601  109.802399     2.000   -82127.7    16147.0    -3802.7      0.0      0.0      0.0 2018 11 23  3 40 15.36 -Inf   1
6905  31.145201  110.294296     1.000   -35162.0    19872.2    -4802.7      0.0      0.0      0.0 2018 11 23 18 29 29.92 -Inf   1
6912  31.089001  109.906197    18.000   -72227.0    13641.3    12197.2      0.0      0.0      0.0 2018 11 24  3 56  9.41 -Inf   1
6922  31.108000  110.295403    10.140   -35063.2    15747.7     4337.3      0.0      0.0      0.0 2018 11 24  8 46  0.18 -Inf   1
6932  31.138500  110.336700     8.350   -31115.6    19129.3     2547.3      0.0      0.0      0.0 2018 11 24 16 37  7.26 -Inf   1
6942  30.819599  111.246300    12.550    55800.5   -16226.9     6747.3      0.0      0.0      0.0 2018 11 25  1 47 44.61 -Inf   1
6947  31.240101  110.080704     1.000   -55521.8    30393.6    -4802.7      0.0      0.0      0.0 2018 11 25  4  9 36.16 -Inf   1
6961  31.198601  110.567802     1.000    -9053.4    25792.6    -4802.7      0.0      0.0      0.0 2018 11 25 16 13 56.62 -Inf   1
7017  31.031200  110.472000     0.230   -18211.0     7233.1    -5572.7      0.0      0.0      0.0 2018 11 27 15 24  0.14 -Inf   1
7022  31.164000  110.272400     5.280   -37248.3    21956.4     -522.7      0.0      0.0      0.0 2018 11 27 18 44 22.36 -Inf   1
7028  31.175600  110.358704     1.000   -29009.7    23242.5    -4802.7      0.0      0.0      0.0 2018 11 27 21 23 20.72 -Inf   1
7041  31.198000  111.017700    14.000    33877.3    25725.9     8197.2      0.0      0.0      0.0 2018 11 28  5 37 48.54 -Inf   1
7107  30.826799  111.228203     7.080    54068.2   -15428.7     1277.3      0.0      0.0      0.0 2018 11 30  7 51 59.41 -Inf   1
7111  31.146700  110.290901     0.670   -35485.7    20038.4    -5132.7      0.0      0.0      0.0 2018 11 30 10  8 43.04 -Inf   1
7124  31.058500  109.686600     8.000   -93208.3    10259.8     2197.3      0.0      0.0      0.0 2018 12  1  3 15 21.63 -Inf   1
7126  31.005600  109.860298     2.920   -76642.4     4394.8    -2882.7      0.0      0.0      0.0 2018 12  1  3 55 53.27 -Inf   1
7131  31.274500  110.218002     1.060   -42415.6    34207.4    -4742.7      0.0      0.0      0.0 2018 12  1  5 36 11.05 -Inf   1
7149  31.138399  110.298401     1.000   -34771.4    19118.1    -4802.7      0.0      0.0      0.0 2018 12  1 20 25 22.74 -Inf   1
7154  31.147100  110.054802     7.280   -58021.0    20082.8     1477.3      0.0      0.0      0.0 2018 12  1 23 15 54.12 -Inf   1
7198  30.888100  111.140404     6.270    45659.5    -8632.4      467.3      0.0      0.0      0.0 2018 12  3 14 30  7.54 -Inf   1
7203  30.865000  111.121399     8.210    43848.3   -11193.4     2407.3      0.0      0.0      0.0 2018 12  3 17 18 31.20 -Inf   1
7204  30.886299  111.015099     6.310    33683.5    -8832.0      507.3      0.0      0.0      0.0 2018 12  3 17 26 33.04 -Inf   1
7217  31.292801  110.051003     1.000   -58339.3    36236.4    -4802.7      0.0      0.0      0.0 2018 12  4  5 43 52.63 -Inf   1
7260  31.057699  110.168098     7.890   -47229.0    10171.0     2087.3      0.0      0.0      0.0 2018 12  7 20  4 59.98 -Inf   1
7282  30.853600  111.107597     5.970    42531.5   -12457.4      167.3      0.0      0.0      0.0 2018 12  8  9 13 49.43 -Inf   1
7299  31.130899  109.854500     1.000   -77146.1    18286.6    -4802.7      0.0      0.0      0.0 2018 12  9  3 51 30.88 -Inf   1
7361  31.174801  110.319504     5.640   -32750.9    23153.9     -162.7      0.0      0.0      0.0 2018 12 11  8 41  7.74 -Inf   1
7367  31.055799  109.701797     2.000   -91758.3     9960.3    -3802.7      0.0      0.0      0.0 2018 12 11  9 44 55.41 -Inf   1
7368  31.146900  110.297401     1.000   -34865.3    20060.6    -4802.7      0.0      0.0      0.0 2018 12 11 11  3 55.28 -Inf   1
7395  31.144600  110.288101     1.000   -35753.4    19805.5    -4802.7      0.0      0.0      0.0 2018 12 12 14 53 23.58 -Inf   1
7400  31.033400  110.469597    13.540   -18440.3     7476.9     7737.3      0.0      0.0      0.0 2018 12 12 19 47 23.76 -Inf   1
7428  31.041800  110.466202    11.430   -18763.7     8408.2     5627.3      0.0      0.0      0.0 2018 12 14  0 48 52.37 -Inf   1
7444  31.132700  110.300201     1.000   -34600.6    18486.2    -4802.7      0.0      0.0      0.0 2018 12 14 12 26  0.06 -Inf   1
7448  30.890800  111.016998     5.530    33864.3    -8332.9     -272.7      0.0      0.0      0.0 2018 12 14 15 28 21.11 -Inf   1
7462  30.750900  111.184601     0.490    49919.1   -23843.5    -5312.7      0.0      0.0      0.0 2018 12 15  5  1 47.18 -Inf   1
7544  30.773500  111.121201     1.000    43850.1   -21337.9    -4802.7      0.0      0.0      0.0 2018 12 18  4 10 56.21 -Inf   1
7581  30.801399  111.265800    12.000    57670.4   -18244.8     6197.3      0.0      0.0      0.0 2018 12 19  7 25 57.09 -Inf   1
7604  30.767599  111.183998     8.770    49857.2   -21992.1     2967.3      0.0      0.0      0.0 2018 12 20  8 18 52.74 -Inf   1
7612  31.215599  110.593903     1.000    -6562.3    27677.1    -4802.7      0.0      0.0      0.0 2018 12 20 15 47 24.15 -Inf   1
7617  31.141300  110.294502     1.000   -35143.0    19439.7    -4802.7      0.0      0.0      0.0 2018 12 20 22 13 40.20 -Inf   1
7650  30.954300  110.054497    13.570   -58108.3    -1292.8     7767.3      0.0      0.0      0.0 2018 12 22  4  4 41.81 -Inf   1
7670  30.823500  111.241501     5.340    55340.5   -15794.5     -462.7      0.0      0.0      0.0 2018 12 23  3 32 29.58 -Inf   1
7673  30.740601  111.163902     6.350    47941.9   -24985.4      547.3      0.0      0.0      0.0 2018 12 23  4  7 17.93 -Inf   1
7677  30.727501  111.135399     1.000    45218.7   -26437.8    -4802.7      0.0      0.0      0.0 2018 12 23  7 39 39.02 -Inf   1
7707  30.948900  110.001099    13.660   -63211.9    -1891.5     7857.3      0.0      0.0      0.0 2018 12 24  8 10  4.18 -Inf   1
7710  30.819000  111.129700     6.360    44652.4   -16293.4      557.3      0.0      0.0      0.0 2018 12 24  9 37  5.57 -Inf   1
7721  30.813499  111.282997     1.000    59311.0   -16903.2    -4802.7      0.0      0.0      0.0 2018 12 25  2 25  9.70 -Inf   1
7736  31.199900  110.577003     1.000    -8175.4    25936.6    -4802.7      0.0      0.0      0.0 2018 12 25 15 28 55.21 -Inf   1
7829  30.887699  111.032402     5.390    35337.1    -8676.8     -412.7      0.0      0.0      0.0 2018 12 30  2 49 19.04 -Inf   1
7845  31.171101  109.741096     2.000   -87952.8    22743.6    -3802.7      0.0      0.0      0.0 2018 12 30  9 13  5.24 -Inf   1
