79  31.290800  110.845901     3.940    17475.2    36014.6    -1862.7      0.0      0.0      0.0 2018  1  3  3 52 33.60 -Inf   1
200  30.756599  111.210999     4.000    52442.4   -23211.7    -1802.7      0.0      0.0      0.0 2018  1  8  5 48 37.97 -Inf   1
212  31.155800  110.324799     1.000   -32248.7    21047.3    -4802.7      0.0      0.0      0.0 2018  1  8 23 51 58.16 -Inf   1
241  30.940599  110.754303    11.020     7878.6    -2335.8     4974.9      0.0      0.0      0.0 2018  1 11 17 11 21.76 -Inf   1
301  31.122400  110.209602    14.550   -43251.1    17344.3     8747.3      0.0      0.0      0.0 2018  1 12  9 58 34.45 -Inf   1
575  31.016300  110.464996     1.000   -18881.4     5581.1    -4802.7      0.0      0.0      0.0 2018  1 22  4 56 38.94 -Inf   1
682  30.869400  111.103302     6.380    42117.5   -10705.6      577.3      0.0      0.0      0.0 2018  1 26  3  8 56.80 -Inf   1
803  31.146200  110.814201    13.680    14462.7    19983.0     7877.3      0.0      0.0      0.0 2018  2  2  3 44 43.87 -Inf   1
866  31.031000  110.443001     6.590   -21857.1     7686.8      544.9      0.0      0.0      0.0 2018  2 23  9 14 25.31 -Inf   1
1026  30.961800  110.477600     6.550   -18559.2       14.6      504.9      0.0      0.0      0.0 2018  3  2  7 51 11.30 -Inf   1
1094  30.935400  110.773804     8.190     9742.2    -2912.3     2144.9      0.0      0.0      0.0 2018  3  3 17 28  2.48 -Inf   1
1113  31.050600  110.452202     9.660   -20976.2     9859.8     3614.9      0.0      0.0      0.0 2018  3  4 12 29 42.42 -Inf   1
1644  31.061001  110.824097     2.030    14538.5    11012.9    -4015.1      0.0      0.0      0.0 2018  4  2  4 20 54.30 -Inf   1
2015  30.973200  110.431503     6.540   -22085.3      802.6      737.3      0.0      0.0      0.0 2018  4  6  7 49 17.73 -Inf   1
1731  30.849899  111.124397     6.370    43262.6   -12391.7      324.9      0.0      0.0      0.0 2018  4  7  8 19 26.76 -Inf   1
2285  31.087099  110.448097     4.850   -20487.9    13430.5     -952.7      0.0      0.0      0.0 2018  4 18 15 41 51.19 -Inf   1
2426  31.138599  110.020203     8.000   -61326.2    19140.3     2197.3      0.0      0.0      0.0 2018  4 28  9  9 51.47 -Inf   1
2159  30.846701  110.938797     0.800    25520.0   -12746.3    -5245.1      0.0      0.0      0.0 2018  5  4  4 22 48.12 -Inf   1
2556  30.941099  111.245300     4.940    55669.9    -2756.4     -862.7      0.0      0.0      0.0 2018  5  4 11 46 53.32 -Inf   1
2639  30.838900  111.138802     7.160    45517.9   -14087.1     1357.3      0.0      0.0      0.0 2018  5  9  3 26 24.35 -Inf   1
2890  30.933001  110.764503     9.960     9729.8    -3654.3     4157.3      0.0      0.0      0.0 2018  5 18 18  3  6.48 -Inf   1
2511  31.161100  110.446404     7.550   -21517.5    22110.9     1504.9      0.0      0.0      0.0 2018  5 20  4 29 43.13 -Inf   1
2984  30.883900  111.011902     4.630    33378.4    -9098.0    -1172.7      0.0      0.0      0.0 2018  5 21 14 19 22.59 -Inf   1
3021  31.217100  110.343399     1.120   -30463.7    27843.6    -4682.7      0.0      0.0      0.0 2018  5 24  4 56 44.88 -Inf   1
2630  30.929600  110.764702     9.970     8872.7    -3555.4     3924.9      0.0      0.0      0.0 2018  5 27 10  2 25.27 -Inf   1
2784  30.848700  111.137001     6.390    44467.7   -12524.7      344.9      0.0      0.0      0.0 2018  6  4  1 27 40.25 -Inf   1
3282  31.082300  110.374001     1.000   -27563.2    12898.4    -4802.7      0.0      0.0      0.0 2018  6  4 16  3 37.67 -Inf   1
2799  31.160200  110.319000     5.120   -33677.5    22011.0     -925.1      0.0      0.0      0.0 2018  6  4 20 20 45.30 -Inf   1
2845  30.697300  110.930702     9.790    24765.2   -29310.2     3744.9      0.0      0.0      0.0 2018  6  6 19 53  8.98 -Inf   1
3428  31.162100  110.305702     1.000   -34070.3    21745.7    -4802.7      0.0      0.0      0.0 2018  6 10 21 33 41.82 -Inf   1
3432  30.880400  110.906197     2.120    23275.6    -9486.1    -3682.7      0.0      0.0      0.0 2018  6 11  2 55 40.43 -Inf   1
2950  31.116800  110.792603    10.060    11527.7    17199.4     4014.9      0.0      0.0      0.0 2018  6 11  7 29  5.61 -Inf   1
2970  30.850901  111.141403     7.970    44888.1   -12280.6     1924.9      0.0      0.0      0.0 2018  6 12  1 58 58.66 -Inf   1
3541  30.855400  111.143799     6.900    45991.8   -12257.7     1097.3      0.0      0.0      0.0 2018  6 14  0 59 13.25 -Inf   1
3131  30.976200  110.724800    10.550     5058.6     1611.2     4504.9      0.0      0.0      0.0 2018  6 21 10 34 59.75 -Inf   1
3751  30.842400  111.143700     6.490    45985.4   -13699.1      687.3      0.0      0.0      0.0 2018  6 25 23 29 10.56 -Inf   1
3317  30.929199  110.756699     8.870     8108.0    -3599.8     2824.9      0.0      0.0      0.0 2018  7  4 15 20  3.35 -Inf   1
3935  30.993700  110.172997     5.790   -46776.8     3075.4      -12.7      0.0      0.0      0.0 2018  7  6  8 39  1.18 -Inf   1
3938  31.128700  110.033501     1.000   -60059.9    18042.8    -4802.7      0.0      0.0      0.0 2018  7  7  4 47 41.15 -Inf   1
3982  30.980900  110.356499     1.000   -29249.7     1656.3    -4802.7      0.0      0.0      0.0 2018  7 11  4 28  2.47 -Inf   1
3405  31.052000  110.454300    12.140   -20775.6    10015.0     6094.9      0.0      0.0      0.0 2018  7 12  5 11  4.65 -Inf   1
4085  30.864401  110.718300     6.570     5316.7   -11259.8      767.3      0.0      0.0      0.0 2018  7 18  6 43 14.61 -Inf   1
4105  30.826900  111.242104     7.170    55397.2   -15417.5     1367.3      0.0      0.0      0.0 2018  7 20  8 48  0.19 -Inf   1
4156  31.273399  110.869202     1.000    19699.3    34085.4    -4802.7      0.0      0.0      0.0 2018  7 23  1 12 16.44 -Inf   1
3541  30.970301  110.377602     3.860   -28112.1      957.1    -2185.1      0.0      0.0      0.0 2018  7 23  1 25 23.36 -Inf   1
3545  31.036501  110.482803    15.530   -18055.1     8296.7     9484.9      0.0      0.0      0.0 2018  7 23  5 48 16.86 -Inf   1
3553  30.825100  110.649300     6.740    -2156.1   -15141.1      694.9      0.0      0.0      0.0 2018  7 23 15 13 35.31 -Inf   1
3587  31.038500  110.068298     1.000   -57642.0     8518.3    -5045.1      0.0      0.0      0.0 2018  7 26  6 35 17.66 -Inf   1
3634  30.964199  110.357002     5.380   -30081.1      280.6     -665.1      0.0      0.0      0.0 2018  8  2  8 47 56.69 -Inf   1
4387  30.899799  110.721397     1.000     5611.8    -7335.2    -4802.7      0.0      0.0      0.0 2018  8 11  4 54 20.37 -Inf   1
4616  31.095301  109.863899    14.000   -76262.9    14339.8     8197.2      0.0      0.0      0.0 2018  9  2  3 43 41.88 -Inf   1
4665  31.093000  109.870499    16.000   -75633.8    14084.8    10197.2      0.0      0.0      0.0 2018  9  6  2 46 59.40 -Inf   1
4687  31.064501  110.806702    13.720    13752.7    10925.0     7917.3      0.0      0.0      0.0 2018  9  8  2 24 56.17 -Inf   1
3980  30.899099  110.412201     5.480   -24815.7    -6936.9     -565.1      0.0      0.0      0.0 2018  9  9  4  4 17.93 -Inf   1
4854  30.834801  110.884300     1.000    21187.7   -14541.6    -4802.7      0.0      0.0      0.0 2018  9 14  8 37 39.61 -Inf   1
4092  31.046000  110.450104     4.970   -21177.0     9349.8    -1075.1      0.0      0.0      0.0 2018  9 15  8  2 39.71 -Inf   1
4895  30.848900  111.097397     5.810    41557.4   -12978.4        7.3      0.0      0.0      0.0 2018  9 16  4 17  5.98 -Inf   1
4178  31.081100  110.205597     5.200   -44519.5    13241.4     -845.1      0.0      0.0      0.0 2018  9 19 13 55 27.83 -Inf   1
5259  31.085100  110.374702    10.410   -27495.8    13208.9     4607.3      0.0      0.0      0.0 2018  9 30 20  1  7.20 -Inf   1
5443  31.020300  110.700996     4.970     3659.7     6024.5     -832.7      0.0      0.0      0.0 2018 10 11  7  6 35.26 -Inf   1
5773  31.044399  110.450699     7.880   -20244.0     8696.4     2077.3      0.0      0.0      0.0 2018 10 12 17  2 31.32 -Inf   1
4908  31.102800  109.940903    14.110   -69785.6    15647.2     8064.9      0.0      0.0      0.0 2018 10 14  5 17 35.37 -Inf   1
5974  31.038099  110.482697    13.820   -17188.8     7997.9     8017.2      0.0      0.0      0.0 2018 10 15 13  8 28.02 -Inf   1
4996  30.878901  111.145699     7.200    45292.1    -9176.3     1154.9      0.0      0.0      0.0 2018 10 15 14 21  6.84 -Inf   1
5999  31.059500  110.470001     8.050   -18399.2    10370.6     2247.3      0.0      0.0      0.0 2018 10 16  3 35 40.17 -Inf   1
6063  31.150600  110.297096     1.000   -34893.7    20470.8    -4802.7      0.0      0.0      0.0 2018 10 17 19  0 27.92 -Inf   1
6379  30.881201  110.547501     1.000   -11008.8    -9397.2    -4802.7      0.0      0.0      0.0 2018 10 31  3 45 48.52 -Inf   1
5397  31.318399  110.113098     5.920   -53285.7    39550.4     -125.1      0.0      0.0      0.0 2018 11  5  8 35 11.60 -Inf   1
6569  31.160299  110.292397     1.000   -35340.5    21546.1    -4802.7      0.0      0.0      0.0 2018 11  8 14  1 32.11 -Inf   1
6803  31.135799  110.296700     1.000   -34934.3    18829.8    -4802.7      0.0      0.0      0.0 2018 11 19 22  9 27.44 -Inf   1
5694  30.913401  110.729599     1.000     5518.8    -5351.3    -5045.1      0.0      0.0      0.0 2018 11 23  9 34  0.33 -Inf   1
5697  31.006201  109.955498     4.840   -68426.5     4937.3    -1205.1      0.0      0.0      0.0 2018 11 23 19 41 25.36 -Inf   1
7091  31.024401  110.466599    10.410   -18727.5     6479.2     4607.3      0.0      0.0      0.0 2018 11 29 22  5 12.56 -Inf   1
7174  30.886400  111.027298     4.800    34849.5    -8820.8    -1002.7      0.0      0.0      0.0 2018 12  2 13 32 20.44 -Inf   1
5951  30.882601  111.023201     5.510    33582.7    -8766.1     -535.1      0.0      0.0      0.0 2018 12  4 18 19 40.54 -Inf   1
7278  31.191700  110.351303     1.000   -29713.5    25027.5    -4802.7      0.0      0.0      0.0 2018 12  8  8 43  4.11 -Inf   1
6054  31.109100  109.781303     2.000   -85020.2    16345.7    -4045.1      0.0      0.0      0.0 2018 12 11  4 25 59.65 -Inf   1
7416  30.805500  110.925697     1.000    25149.2   -17790.1    -4802.7      0.0      0.0      0.0 2018 12 13  9 13 41.98 -Inf   1
7576  31.103201  109.810699     6.000   -81338.8    15215.7      197.3      0.0      0.0      0.0 2018 12 19  4 27 17.28 -Inf   1
7599  30.870199  110.952797     2.110    27731.2   -10617.0    -3692.7      0.0      0.0      0.0 2018 12 20  5 33 23.49 -Inf   1
7722  30.984200  110.066299     8.560   -56971.8     2022.1     2757.3      0.0      0.0      0.0 2018 12 25  3  2 56.37 -Inf   1
