17  30.938700  110.774101     8.830     9591.6    -2617.3     2682.5      0.0      0.0      0.0 2018  1  1 11 59 32.28 -Inf   1
15  30.937401  110.768898     9.050    10149.5    -3166.4     3247.3      0.0      0.0      0.0 2018  1  1 12 37  4.33 -Inf   1
22  30.936501  110.765503     9.710     9825.1    -3266.2     3907.3      0.0      0.0      0.0 2018  1  1 20 41 14.40 -Inf   1
35  30.743000  111.202904     6.000    51671.8   -24719.4      197.3      0.0      0.0      0.0 2018  1  2  5  8 29.38 -Inf   1
43  30.937300  111.168404     0.900    48323.3    -3177.6    -4902.7      0.0      0.0      0.0 2018  1  2 12 54  2.73 -Inf   1
57  30.935600  110.772697     9.090    10512.6    -3366.0     3287.3      0.0      0.0      0.0 2018  1  2 17 58 18.76 -Inf   1
102  31.123100  110.053299     8.000   -58171.7    17421.9     2197.3      0.0      0.0      0.0 2018  1  3 21 22 42.04 -Inf   1
153  30.937099  110.768799     9.840     9085.0    -2794.7     3692.5      0.0      0.0      0.0 2018  1  6 16 25 51.13 -Inf   1
146  30.935900  110.773804     9.720    10618.3    -3332.8     3917.3      0.0      0.0      0.0 2018  1  6 17 23 32.32 -Inf   1
176  31.029100  110.485397     5.020   -16931.7     7000.2     -782.7      0.0      0.0      0.0 2018  1  7  5  5  1.25 -Inf   1
183  30.840099  111.156502     6.100    47209.8   -13954.1      297.3      0.0      0.0      0.0 2018  1  7  8 20 55.89 -Inf   1
188  31.175900  110.522400     1.000   -13387.4    23275.7    -4802.7      0.0      0.0      0.0 2018  1  7 17 38 30.42 -Inf   1
206  31.091000  110.171898     3.520   -46858.0    13862.9    -2282.7      0.0      0.0      0.0 2018  1  8 15  4 54.00 -Inf   1
215  30.785601  110.764198     8.090     9708.0   -19996.3     2287.3      0.0      0.0      0.0 2018  1  9  1 52 56.87 -Inf   1
225  30.925100  110.753098     9.950     8640.3    -4530.1     4147.3      0.0      0.0      0.0 2018  1  9 14 46 50.23 -Inf   1
285  30.923401  110.775299    10.230    10761.9    -4718.6     4427.3      0.0      0.0      0.0 2018  1 11 19 52 46.00 -Inf   1
299  30.929300  110.770103     9.290     9210.0    -3659.4     3142.5      0.0      0.0      0.0 2018  1 11 20 22  6.08 -Inf   1
307  30.934200  110.764000    10.360     9681.6    -3521.2     4557.3      0.0      0.0      0.0 2018  1 12 19 42 18.00 -Inf   1
327  30.960199  110.823502     5.240    15365.2     -638.8     -562.7      0.0      0.0      0.0 2018  1 13 11 46 59.81 -Inf   1
357  30.938601  110.766602    10.150     9930.0    -3033.4     4347.3      0.0      0.0      0.0 2018  1 14  9 21 30.68 -Inf   1
377  30.938101  110.764999     9.810     9776.9    -3088.8     4007.3      0.0      0.0      0.0 2018  1 14 15 46 30.73 -Inf   1
428  30.933701  110.792603    11.750    12414.8    -3576.6     5947.3      0.0      0.0      0.0 2018  1 16 19 36 44.68 -Inf   1
432  30.936701  110.794403    11.700    12586.6    -3244.0     5897.3      0.0      0.0      0.0 2018  1 16 21 25 35.46 -Inf   1
499  30.687599  111.066101    10.000    37542.0   -30456.5     3852.5      0.0      0.0      0.0 2018  1 19  6 25 57.86 -Inf   1
505  30.869499  111.093803     6.530    40154.7   -10289.5      382.5      0.0      0.0      0.0 2018  1 19  9 54 56.88 -Inf   1
514  30.925400  110.752899     8.440     7566.2    -4091.8     2292.5      0.0      0.0      0.0 2018  1 19 18 17 29.52 -Inf   1
515  30.924601  110.754303     6.910     7700.3    -4180.4      762.5      0.0      0.0      0.0 2018  1 19 19  9 24.78 -Inf   1
528  30.924900  110.776802     8.870    10905.5    -4552.3     3067.3      0.0      0.0      0.0 2018  1 20 17 43  6.92 -Inf   1
554  30.931999  110.788696    11.530    10986.6    -3360.2     5382.5      0.0      0.0      0.0 2018  1 20 20 29 21.76 -Inf   1
539  30.934401  110.784897    11.450    11678.4    -3499.0     5647.3      0.0      0.0      0.0 2018  1 20 21 24 26.26 -Inf   1
557  30.932400  110.779701    13.200    10127.0    -3315.8     7052.5      0.0      0.0      0.0 2018  1 20 21 35 35.16 -Inf   1
565  30.923500  110.766502    13.600     9921.3    -4707.6     7797.3      0.0      0.0      0.0 2018  1 21 16 10 39.64 -Inf   1
570  30.924601  110.744598     5.980     7828.1    -4585.5      177.3      0.0      0.0      0.0 2018  1 22  1 16 56.38 -Inf   1
572  30.928400  110.784897    11.330    11678.8    -4164.3     5527.3      0.0      0.0      0.0 2018  1 22  4 31 25.22 -Inf   1
584  30.932199  110.795998     9.880    12739.3    -3743.1     4077.3      0.0      0.0      0.0 2018  1 22  7 44 24.33 -Inf   1
604  30.948099  110.761398     9.590     9432.4    -1980.3     3787.3      0.0      0.0      0.0 2018  1 23  5 56 57.81 -Inf   1
607  30.771500  111.181099     2.750    49578.9   -21559.7    -3052.7      0.0      0.0      0.0 2018  1 23  6 16  9.31 -Inf   1
623  30.859100  110.771500     9.060    10402.3   -11847.5     3257.3      0.0      0.0      0.0 2018  1 23 13 22  4.63 -Inf   1
647  30.935301  110.765198     9.380     8741.0    -2994.1     3232.5      0.0      0.0      0.0 2018  1 23 14 57 24.48 -Inf   1
641  30.928499  110.788498    11.500    12022.9    -4153.3     5697.3      0.0      0.0      0.0 2018  1 24  2 58  8.60 -Inf   1
659  31.034000  110.452301     6.070   -20092.1     7543.5      267.3      0.0      0.0      0.0 2018  1 24 19 41 57.76 -Inf   1
700  30.855499  110.781998     8.860    10350.6   -11841.6     2712.5      0.0      0.0      0.0 2018  1 25 15 12 13.21 -Inf   1
691  30.933701  110.793701    11.530    12519.7    -3576.6     5727.3      0.0      0.0      0.0 2018  1 26  7 46 16.97 -Inf   1
692  31.172600  110.337196     3.350   -31062.7    22909.9    -2452.7      0.0      0.0      0.0 2018  1 26  8  3 52.24 -Inf   1
723  30.924700  110.781303    13.470    10280.5    -4169.4     7322.5      0.0      0.0      0.0 2018  1 26 11 41 12.25 -Inf   1
727  31.117800  110.229500     5.200   -42407.7    17239.3     -947.5      0.0      0.0      0.0 2018  1 26 14 56 22.99 -Inf   1
728  31.047800  110.432800     6.010   -23008.0     9478.6     -137.5      0.0      0.0      0.0 2018  1 26 15  5 55.08 -Inf   1
706  31.101999  110.223602     4.100   -41919.1    15082.5    -1702.7      0.0      0.0      0.0 2018  1 26 16 53 57.20 -Inf   1
745  30.867901  110.784599     8.600    10598.6   -10466.7     2452.5      0.0      0.0      0.0 2018  1 27  0 27 34.38 -Inf   1
733  31.026400  110.179199     6.870   -46176.4     6700.8     1067.3      0.0      0.0      0.0 2018  1 27 15 10 51.21 -Inf   1
736  30.924299  110.782303     8.530    11431.1    -4619.0     2727.3      0.0      0.0      0.0 2018  1 27 21 47 16.68 -Inf   1
760  31.062000  110.349998     9.250   -30913.2    11052.9     3102.5      0.0      0.0      0.0 2018  1 27 22 58 16.70 -Inf   1
761  31.021000  110.445900     4.690   -21760.0     6507.2    -1457.5      0.0      0.0      0.0 2018  1 27 23 51 58.58 -Inf   1
753  30.873600  111.099998     5.880    41800.8   -10239.9       77.3      0.0      0.0      0.0 2018  1 29  6 28 55.52 -Inf   1
783  30.877300  110.786201    12.980    10751.2    -9424.6     6832.5      0.0      0.0      0.0 2018  1 29  9 48  9.75 -Inf   1
818  31.075800  110.188202     3.470   -45305.0    12177.8    -2332.7      0.0      0.0      0.0 2018  2  2 20 31 40.16 -Inf   1
830  30.938299  110.772903     8.930    10532.2    -3066.8     3127.3      0.0      0.0      0.0 2018  2  3 17  7 56.80 -Inf   1
871  30.929501  110.761902    11.940     8426.3    -3637.2     5792.5      0.0      0.0      0.0 2018  2  4 16 47 20.65 -Inf   1
877  31.039900  110.459099     9.100   -20497.3     8602.7     2952.5      0.0      0.0      0.0 2018  2  5  2 58 27.26 -Inf   1
859  30.926600  110.793701    17.220    12520.2    -4363.9    11417.2      0.0      0.0      0.0 2018  2  5 14 16 19.13 -Inf   1
861  31.031200  110.442902     4.830   -20990.1     7233.1     -972.7      0.0      0.0      0.0 2018  2  5 14 21 56.33 -Inf   1
871  31.079800  110.190399     1.660   -45094.2    12621.2    -4142.7      0.0      0.0      0.0 2018  2  5 23 13  1.42 -Inf   1
884  31.038401  110.444099     4.130   -20874.9     8031.3    -1672.7      0.0      0.0      0.0 2018  2 10 22 40 26.40 -Inf   1
934  30.956100  110.263199     7.990   -39223.5     -688.1     1842.5      0.0      0.0      0.0 2018  2 13 19 12  7.90 -Inf   1
907  30.962700  110.442596     6.270   -21026.7     -361.5      467.3      0.0      0.0      0.0 2018  2 14 12 31 35.73 -Inf   1
918  30.958200  110.262199     7.100   -38262.7     -860.4     1297.3      0.0      0.0      0.0 2018  2 14 20 37 33.32 -Inf   1
920  30.901600  110.512703     7.980   -14333.3    -7135.6     2177.3      0.0      0.0      0.0 2018  2 14 23  2  1.78 -Inf   1
933  31.036699  110.528000     9.670   -12862.3     7842.7     3867.3      0.0      0.0      0.0 2018  2 15 23 21 50.24 -Inf   1
941  31.032700  110.453796     4.610   -19949.4     7399.3    -1192.7      0.0      0.0      0.0 2018  2 16 11  2 55.60 -Inf   1
943  31.040800  110.457802    12.230   -19566.0     8297.4     6427.3      0.0      0.0      0.0 2018  2 16 20 11 16.54 -Inf   1
1020  30.942699  110.781700     8.730    10317.5    -2173.8     2582.5      0.0      0.0      0.0 2018  2 20 18 54 34.76 -Inf   1
1009  30.966900  110.474602     7.670   -17968.5      104.1     1867.3      0.0      0.0      0.0 2018  2 23 21  6 39.50 -Inf   1
1014  31.067301  110.147400     4.340   -49203.1    11235.5    -1462.7      0.0      0.0      0.0 2018  2 24 20 41 26.50 -Inf   1
1049  31.044901  110.458504     1.000   -19498.6     8752.0    -4802.7      0.0      0.0      0.0 2018  2 25 16 48  9.47 -Inf   1
1085  31.044500  110.445396     4.960   -21805.4     9112.7    -1187.5      0.0      0.0      0.0 2018  2 25 18 54 15.96 -Inf   1
1094  30.780899  110.764099     9.320     8642.9   -20112.5     3172.5      0.0      0.0      0.0 2018  2 26 16  3 30.53 -Inf   1
1119  30.934299  110.760597    10.470     8301.4    -3105.1     4322.5      0.0      0.0      0.0 2018  2 27 13 29 56.92 -Inf   1
1147  31.046600  110.436096     5.130   -22693.4     9345.5    -1017.5      0.0      0.0      0.0 2018  2 27 21 38 57.44 -Inf   1
1114  30.780100  110.760902     9.370     9393.1   -20606.2     3567.3      0.0      0.0      0.0 2018  2 27 23 27 17.88 -Inf   1
1172  31.019800  110.804604    10.750    12500.9     6374.2     4602.5      0.0      0.0      0.0 2018  2 28  8 28 28.59 -Inf   1
1140  30.967100  110.476700     5.720   -17768.1      126.3      -82.7      0.0      0.0      0.0 2018  2 28 11  8 49.13 -Inf   1
1170  31.140400  110.288902     1.000   -35677.7    19339.9    -4802.7      0.0      0.0      0.0 2018  3  1 15 42 27.29 -Inf   1
1193  30.972200  110.480904     6.840   -17366.0      691.8     1037.3      0.0      0.0      0.0 2018  3  2  5  5 56.72 -Inf   1
1235  30.962999  110.476601     7.180   -18833.3       76.8     1032.5      0.0      0.0      0.0 2018  3  2  5 12 53.37 -Inf   1
1209  30.959600  110.477501     4.680   -17692.2     -705.2    -1122.7      0.0      0.0      0.0 2018  3  2  9 35 22.51 -Inf   1
1211  31.153700  110.344597     4.280   -30359.4    20814.4    -1522.7      0.0      0.0      0.0 2018  3  2 10  7 18.54 -Inf   1
1214  31.042601  110.453903     4.490   -19938.2     8497.0    -1312.7      0.0      0.0      0.0 2018  3  2 12  5 14.74 -Inf   1
1216  30.944500  110.757500    10.620     9060.0    -2379.3     4817.3      0.0      0.0      0.0 2018  3  2 12 19  2.54 -Inf   1
1268  30.927099  110.755096     9.010     7776.1    -3903.4     2862.5      0.0      0.0      0.0 2018  3  2 13 10 50.12 -Inf   1
1347  31.035999  110.458099     4.420   -20593.2     8170.2    -1727.5      0.0      0.0      0.0 2018  3  4  7 19 24.74 -Inf   1
1348  30.936100  110.763802     9.510     8607.5    -2905.5     3362.5      0.0      0.0      0.0 2018  3  4  7 52 30.09 -Inf   1
1304  31.012400  110.807098     9.130    13794.3     5148.6     3327.3      0.0      0.0      0.0 2018  3  4 18  0 29.84 -Inf   1
1324  31.029301  110.455002     5.450   -19834.6     7022.4     -352.7      0.0      0.0      0.0 2018  3  5 14 46 44.58 -Inf   1
1330  31.153601  110.506203     4.890   -14934.9    20803.4     -912.7      0.0      0.0      0.0 2018  3  6 17 11 47.92 -Inf   1
1346  31.140699  110.805702     7.990    13651.8    19373.1     2187.3      0.0      0.0      0.0 2018  3  7 18 15 40.92 -Inf   1
1358  31.107500  110.817001    12.490    14732.9    15692.3     6687.3      0.0      0.0      0.0 2018  3  8 17 29 32.44 -Inf   1
1407  30.925301  110.771797     9.540    10427.2    -4507.9     3737.3      0.0      0.0      0.0 2018  3  9 19 10 35.78 -Inf   1
1471  31.077999  110.456902     6.280   -20703.1    12826.7      132.5      0.0      0.0      0.0 2018  3  9 22 20 40.34 -Inf   1
1419  31.086901  110.452904     6.480   -20029.0    13408.5      677.3      0.0      0.0      0.0 2018  3  9 22 27 24.26 -Inf   1
1484  30.784300  110.906197     4.990    22231.5   -19735.4    -1157.5      0.0      0.0      0.0 2018  3 10  9 54 58.85 -Inf   1
1443  31.062599  110.442001     5.870   -21072.6    10714.2       67.3      0.0      0.0      0.0 2018  3 10 22 31 32.30 -Inf   1
1445  31.108101  110.802902     0.410    13386.8    15758.9    -5392.7      0.0      0.0      0.0 2018  3 10 23 43 34.98 -Inf   1
1499  31.160200  110.883400    15.480    20012.5    21940.2     9332.5      0.0      0.0      0.0 2018  3 11  5  5 46.68 -Inf   1
1507  31.064501  110.139000     7.030   -51061.4    11330.1      882.5      0.0      0.0      0.0 2018  3 11 16 37 28.92 -Inf   1
1540  31.031601  110.452003     4.830   -21175.9     7682.6    -1317.5      0.0      0.0      0.0 2018  3 13 16 28 56.54 -Inf   1
1495  31.096701  110.260300     1.000   -38416.6    14495.0    -4802.7      0.0      0.0      0.0 2018  3 13 18 38 17.42 -Inf   1
1498  31.010000  110.509102     4.930   -14669.2     4882.6     -872.7      0.0      0.0      0.0 2018  3 13 22 34 52.08 -Inf   1
1499  31.018499  110.190804     5.270   -45070.0     5824.9     -532.7      0.0      0.0      0.0 2018  3 13 22 54 15.90 -Inf   1
1551  30.946301  111.199402     4.040    50228.7    -1774.6    -2107.5      0.0      0.0      0.0 2018  3 14  9 30 17.09 -Inf   1
1529  30.881100  111.017998     4.490    33961.5    -9408.4    -1312.7      0.0      0.0      0.0 2018  3 16  2 33 31.99 -Inf   1
1533  31.080999  110.040001     4.000   -59454.2    12754.2    -1802.7      0.0      0.0      0.0 2018  3 16  6 10 59.82 -Inf   1
1538  30.978300  109.948601     6.000   -68217.6     1368.1      197.3      0.0      0.0      0.0 2018  3 16 11  6 55.01 -Inf   1
1588  30.934500  110.764801     8.460     8703.1    -3082.9     2312.5      0.0      0.0      0.0 2018  3 16 23 24 45.76 -Inf   1
1551  30.934500  110.766197     9.780     9891.6    -3488.0     3977.3      0.0      0.0      0.0 2018  3 17  0 46  9.85 -Inf   1
1568  30.884100  111.007698     4.660    32976.6    -9075.8    -1142.7      0.0      0.0      0.0 2018  3 17  9 18 54.56 -Inf   1
1571  30.932199  110.763298     9.830     9614.7    -3743.1     4027.3      0.0      0.0      0.0 2018  3 17  9 29 15.96 -Inf   1
1580  31.069799  110.442299     5.690   -21043.4    11512.5     -112.7      0.0      0.0      0.0 2018  3 17 16  9  7.60 -Inf   1
1630  31.031500  110.470802     4.600   -19380.4     7671.4    -1547.5      0.0      0.0      0.0 2018  3 17 22 59 58.24 -Inf   1
1591  31.164700  110.281097    13.380   -36418.1    22034.0     7577.3      0.0      0.0      0.0 2018  3 18 14 29  2.35 -Inf   1
1597  30.883101  111.013496     5.260    33530.9    -9186.6     -542.7      0.0      0.0      0.0 2018  3 19  1 43  6.59 -Inf   1
1641  30.930300  111.169296     0.910    48410.4    -3953.7    -4892.7      0.0      0.0      0.0 2018  3 21 15 13 52.16 -Inf   1
1733  30.883900  111.012802     5.080    32409.5    -8692.9    -1067.5      0.0      0.0      0.0 2018  3 24  0 58 20.37 -Inf   1
1746  31.065701  110.292900     1.000   -36365.0    11463.2    -5147.5      0.0      0.0      0.0 2018  3 24 17 35 40.28 -Inf   1
1791  31.095501  110.450699     2.060   -21293.4    14767.1    -4087.5      0.0      0.0      0.0 2018  3 26 19 18 26.18 -Inf   1
1781  31.028601  110.456802     1.000   -19662.7     6944.8    -4802.7      0.0      0.0      0.0 2018  3 27  8 21 53.88 -Inf   1
1826  30.926600  110.771896     9.000    10436.6    -4363.9     3197.3      0.0      0.0      0.0 2018  3 29  0  9 36.49 -Inf   1
1862  30.936100  110.767601     8.950     8970.6    -2905.5     2802.5      0.0      0.0      0.0 2018  3 29 16 46 35.31 -Inf   1
1886  31.055901  110.442703     5.450   -22061.3    10376.6     -697.5      0.0      0.0      0.0 2018  3 30 20 26 31.20 -Inf   1
1923  31.027000  110.834801     8.570    16439.0     6767.4     2767.3      0.0      0.0      0.0 2018  4  2  4 19 50.96 -Inf   1
1965  30.863800  111.101097     5.970    41907.9   -11326.4      167.3      0.0      0.0      0.0 2018  4  3 11 19 23.52 -Inf   1
2005  30.992599  110.773499     1.000    10586.1     2953.4    -4802.7      0.0      0.0      0.0 2018  4  5 17 10 14.56 -Inf   1
2006  31.051600  110.464699     5.450   -18906.3     9494.7     -352.7      0.0      0.0      0.0 2018  4  5 20 18 19.10 -Inf   1
2033  31.075199  110.454399     6.100   -19887.5    12111.1      297.3      0.0      0.0      0.0 2018  4  7  8 42 52.49 -Inf   1
2053  30.801399  110.685799     8.880     1154.8   -17839.6     2732.5      0.0      0.0      0.0 2018  4  7 16 23 50.58 -Inf   1
2062  31.269501  110.856201     1.270    17406.6    34058.3    -4877.5      0.0      0.0      0.0 2018  4  8  3 41 19.27 -Inf   1
2053  30.842300  110.639198     8.350    -2244.7   -13710.1     2547.3      0.0      0.0      0.0 2018  4  8 12 26 58.88 -Inf   1
2104  30.778200  110.765099     8.790     9794.5   -20816.8     2987.3      0.0      0.0      0.0 2018  4 10 11 40 47.69 -Inf   1
2125  30.933399  110.765800     9.570     8798.7    -3204.9     3422.5      0.0      0.0      0.0 2018  4 10 17 45 46.00 -Inf   1
2126  30.916401  110.773201    10.440    10561.8    -5494.6     4637.3      0.0      0.0      0.0 2018  4 10 18 42 55.60 -Inf   1
2206  31.030001  110.453201     5.160   -20006.5     7100.0     -642.7      0.0      0.0      0.0 2018  4 14  8 28 32.62 -Inf   1
2213  30.993900  110.774902     1.000    10720.1     3097.6    -4802.7      0.0      0.0      0.0 2018  4 14 20 17 40.84 -Inf   1
2249  31.159401  110.381897     4.150   -26798.5    21446.5    -1652.7      0.0      0.0      0.0 2018  4 16  9 16  0.17 -Inf   1
2263  31.059601  110.187798     4.670   -46402.8    10786.9    -1477.5      0.0      0.0      0.0 2018  4 16 17 14 20.92 -Inf   1
2284  30.932800  110.765404     9.920     8760.8    -3271.3     3772.5      0.0      0.0      0.0 2018  4 17 23 26  0.48 -Inf   1
2289  31.194599  110.516701     3.430   -13930.0    25348.9    -2372.7      0.0      0.0      0.0 2018  4 18 20 12 25.20 -Inf   1
2304  30.774401  110.762497     8.740     9545.9   -21238.1     2937.3      0.0      0.0      0.0 2018  4 19 11 16 24.39 -Inf   1
2325  30.975500  110.815598     2.030    13554.1     1462.7    -4117.5      0.0      0.0      0.0 2018  4 21  6 25 55.19 -Inf   1
2408  31.089100  110.431297     1.760   -23146.5    14057.4    -4387.5      0.0      0.0      0.0 2018  4 27 15 51 42.60 -Inf   1
2427  30.932899  111.169899     0.880    47413.0    -3260.3    -5267.5      0.0      0.0      0.0 2018  4 28 21 20 18.82 -Inf   1
2446  30.727100  110.925201     6.370    25112.0   -26482.2      567.3      0.0      0.0      0.0 2018  4 29 10  0 33.25 -Inf   1
2473  30.764200  111.095398     6.080    41384.5   -22369.0      277.3      0.0      0.0      0.0 2018  4 30  8 27 54.53 -Inf   1
2477  30.888500  111.148003     6.880    46385.7    -8588.0     1077.3      0.0      0.0      0.0 2018  4 30 15  8 30.57 -Inf   1
2515  31.042200  110.439499     1.910   -22368.9     8857.7    -4237.5      0.0      0.0      0.0 2018  5  3 15 56  5.92 -Inf   1
2532  31.075399  110.186897     1.900   -45429.6    12133.4    -3902.7      0.0      0.0      0.0 2018  5  3 21 55 34.92 -Inf   1
2557  30.884199  111.014900     4.400    33664.9    -9064.8    -1402.7      0.0      0.0      0.0 2018  5  4 12 27 13.89 -Inf   1
2552  31.069799  110.152496     1.640   -49771.2    11917.6    -4507.5      0.0      0.0      0.0 2018  5  5  6 23 20.58 -Inf   1
2620  30.925800  110.776100     8.450     9783.2    -4047.4     2302.5      0.0      0.0      0.0 2018  5  8 22  2 25.76 -Inf   1
2649  30.932301  110.796204     7.780    11703.9    -3326.7     1632.5      0.0      0.0      0.0 2018  5 10 11 40 23.78 -Inf   1
2662  31.036900  110.789200     9.950    11028.7     8270.0     3802.5      0.0      0.0      0.0 2018  5 11  4 41 55.74 -Inf   1
2730  30.773800  111.096199     6.060    41459.0   -21304.7      257.3      0.0      0.0      0.0 2018  5 13  9 13 50.36 -Inf   1
2713  31.075001  110.312302     9.940   -34510.7    12494.3     3792.5      0.0      0.0      0.0 2018  5 13 16 46  5.62 -Inf   1
2772  30.858299  111.138000     6.980    45436.8   -11936.3     1177.3      0.0      0.0      0.0 2018  5 15  6 18 46.78 -Inf   1
2773  31.164499  110.317398     3.680   -34008.2    22416.9    -2467.5      0.0      0.0      0.0 2018  5 16 21 49 41.22 -Inf   1
2827  30.938801  110.764900     8.040     9767.4    -3011.2     2237.3      0.0      0.0      0.0 2018  5 17 10 56 51.72 -Inf   1
2826  30.927700  110.761002     9.960     8340.3    -3836.8     3812.5      0.0      0.0      0.0 2018  5 18  1 45 30.47 -Inf   1
2863  30.759199  111.193604     1.000    50778.0   -22923.4    -4802.7      0.0      0.0      0.0 2018  5 18  4 26 14.19 -Inf   1
2846  30.849300  111.139000     6.220    44479.6   -12528.9       72.5      0.0      0.0      0.0 2018  5 18  9 52 60.00 -Inf   1
2881  30.930901  110.765503     9.830     9825.4    -3887.1     4027.3      0.0      0.0      0.0 2018  5 18 17 53 24.28 -Inf   1
2856  30.927999  110.762604     9.990     8493.4    -3803.6     3842.5      0.0      0.0      0.0 2018  5 18 17 57 20.06 -Inf   1
2885  30.928900  110.764999     9.520     9777.4    -4108.9     3717.3      0.0      0.0      0.0 2018  5 18 17 58 47.16 -Inf   1
2915  30.926600  110.767601     9.580     8971.0    -3958.8     3432.5      0.0      0.0      0.0 2018  5 20 16  1 55.55 -Inf   1
2959  31.109100  110.076202     1.000   -55989.4    15869.7    -4802.7      0.0      0.0      0.0 2018  5 20 21 26 35.58 -Inf   1
3018  30.811300  110.654602     5.930     -772.3   -17147.0      127.3      0.0      0.0      0.0 2018  5 24  0 53  7.36 -Inf   1
3031  30.897600  111.041298     8.150    36185.5    -7579.1     2347.3      0.0      0.0      0.0 2018  5 24 10 58 59.38 -Inf   1
3038  31.047701  110.446404     7.280   -20653.9     9062.4     1477.3      0.0      0.0      0.0 2018  5 25  4 23 32.22 -Inf   1
3065  31.047899  110.446503     5.550   -20644.4     9084.4     -252.7      0.0      0.0      0.0 2018  5 26 15  1 15.02 -Inf   1
3096  30.911699  110.772202     9.080    10466.6    -6015.9     3277.3      0.0      0.0      0.0 2018  5 27 17 31 28.94 -Inf   1
3090  31.075899  110.172501     1.980   -47859.5    12593.9    -4167.5      0.0      0.0      0.0 2018  5 29 14 44 50.17 -Inf   1
3105  30.699100  110.917198    10.180    23293.9   -29181.4     4032.5      0.0      0.0      0.0 2018  5 30 14 33 31.76 -Inf   1
3107  30.905701  110.516296     8.580   -15045.2    -6275.8     2432.5      0.0      0.0      0.0 2018  5 30 17 20 12.04 -Inf   1
3203  31.174999  110.343697     7.030   -31496.5    23581.0      882.5      0.0      0.0      0.0 2018  6  3 20 41  5.22 -Inf   1
3210  30.742100  110.811302    18.780    13159.6   -24414.1    12632.5      0.0      0.0      0.0 2018  6  4  0 37 25.64 -Inf   1
3284  31.037300  110.509804     4.830   -14600.1     7909.3     -972.7      0.0      0.0      0.0 2018  6  4 18 56 14.72 -Inf   1
3237  30.691099  110.936897     9.380    25179.6   -30068.5     3232.5      0.0      0.0      0.0 2018  6  5  9 12  9.39 -Inf   1
3298  30.928400  110.761703    10.090     9462.5    -4164.3     4287.3      0.0      0.0      0.0 2018  6  5  9 34 30.35 -Inf   1
3303  30.920099  110.765503    11.820     9826.0    -5084.6     6017.3      0.0      0.0      0.0 2018  6  5 11  1 46.09 -Inf   1
3322  30.769300  111.093597     1.000    41211.2   -21803.5    -4802.7      0.0      0.0      0.0 2018  6  6  1 28 33.04 -Inf   1
3359  31.149599  110.302299     1.000   -34397.3    20359.8    -4802.7      0.0      0.0      0.0 2018  6  7 19 15 18.60 -Inf   1
3360  30.687401  110.936996     9.480    26245.6   -30883.6     3677.3      0.0      0.0      0.0 2018  6  7 20 56 49.12 -Inf   1
3373  30.888599  111.146896     8.250    46279.9    -8577.0     2447.3      0.0      0.0      0.0 2018  6  8  7 35 23.83 -Inf   1
3376  30.826799  111.271797     7.820    58236.1   -15428.7     2017.3      0.0      0.0      0.0 2018  6  8  9 20 49.98 -Inf   1
3391  30.744200  111.125504     2.170    44268.3   -24586.4    -3632.7      0.0      0.0      0.0 2018  6  9  7 50 35.42 -Inf   1
3426  31.165300  110.317001     8.940   -32991.3    22100.6     3137.3      0.0      0.0      0.0 2018  6 10 19 58 22.40 -Inf   1
3456  31.119200  110.792999    10.000    12440.7    16989.5     4197.3      0.0      0.0      0.0 2018  6 11  5 59 14.22 -Inf   1
3464  30.789301  110.476303     1.000   -17822.4   -19586.1    -4802.7      0.0      0.0      0.0 2018  6 11  6 20 25.55 -Inf   1
3499  30.798201  111.081802     1.000    40077.2   -18599.4    -4802.7      0.0      0.0      0.0 2018  6 12  2  4 56.42 -Inf   1
3516  31.155399  110.324303     2.120   -32296.2    21002.9    -3682.7      0.0      0.0      0.0 2018  6 12 18 39 48.00 -Inf   1
3530  30.949800  110.339500     7.140   -30878.6    -1791.7     1337.3      0.0      0.0      0.0 2018  6 13  7 53  8.61 -Inf   1
3552  30.889400  111.148598     7.030    46442.3    -8488.1     1227.3      0.0      0.0      0.0 2018  6 14 12 28 54.66 -Inf   1
3494  30.856100  111.140503     5.150    44621.7   -11775.0     -997.5      0.0      0.0      0.0 2018  6 15  7 21 15.06 -Inf   1
3567  31.111601  110.758698     9.920     9166.5    16147.0     4117.3      0.0      0.0      0.0 2018  6 15 12 33 10.85 -Inf   1
3508  30.862101  111.126900     4.400    43320.0   -11109.7    -1747.5      0.0      0.0      0.0 2018  6 16  0  6 59.43 -Inf   1
3575  30.982800  110.361702     3.820   -28752.4     1866.9    -1982.7      0.0      0.0      0.0 2018  6 16  2 17 39.83 -Inf   1
3621  30.963301  109.968903    10.000   -66283.2     -294.9     4197.3      0.0      0.0      0.0 2018  6 17 10 24 42.30 -Inf   1
3622  30.778601  110.761597    10.160     9459.6   -20772.4     4357.3      0.0      0.0      0.0 2018  6 17 10 33 29.96 -Inf   1
3627  30.883900  111.144501     5.850    46052.1    -9098.0       47.3      0.0      0.0      0.0 2018  6 17 21 16 31.76 -Inf   1
3585  31.031700  110.437698    11.560   -22542.1     7693.6     5412.5      0.0      0.0      0.0 2018  6 19 19 52 34.52 -Inf   1
3659  31.015400  110.536003     1.000   -12099.3     5481.3    -4802.7      0.0      0.0      0.0 2018  6 20  3 51 45.29 -Inf   1
3594  30.850401  110.374603     0.880   -28595.0   -12406.9    -5267.5      0.0      0.0      0.0 2018  6 20  9 24 46.22 -Inf   1
3650  31.144300  110.054703    14.000   -59086.5    20177.4     7852.5      0.0      0.0      0.0 2018  6 24  7 49 32.06 -Inf   1
3652  30.924700  110.793297     5.830    11426.6    -4169.4     -317.5      0.0      0.0      0.0 2018  6 24  9 26 36.21 -Inf   1
3658  31.148701  110.363403     5.570   -29619.8    20665.3     -577.5      0.0      0.0      0.0 2018  6 24 17 48 56.76 -Inf   1
3744  31.014500  110.658501     3.480     -399.1     5381.5    -2322.7      0.0      0.0      0.0 2018  6 25  5  1 33.10 -Inf   1
3755  30.748199  111.101799     1.000    42000.1   -24143.0    -4802.7      0.0      0.0      0.0 2018  6 26  2 16 57.87 -Inf   1
3862  31.042500  110.436501     6.350   -21600.2     8485.8      547.3      0.0      0.0      0.0 2018  7  3 19 35 20.32 -Inf   1
3890  30.926800  110.764397    10.400     9719.9    -4341.7     4597.3      0.0      0.0      0.0 2018  7  4 15  5  2.41 -Inf   1
3830  30.930700  110.760803     9.200     8321.3    -3504.2     3052.5      0.0      0.0      0.0 2018  7  5 22 20 22.04 -Inf   1
3925  30.922501  110.753601    10.070     8688.5    -4818.4     4267.3      0.0      0.0      0.0 2018  7  5 23 30 20.64 -Inf   1
3954  30.936001  110.952698     1.970    27712.2    -3321.6    -3832.7      0.0      0.0      0.0 2018  7  8  4 15 54.35 -Inf   1
3956  31.029800  110.448502     5.050   -20455.4     7077.8     -752.7      0.0      0.0      0.0 2018  7  8 15  8 43.17 -Inf   1
3882  31.047701  110.451698     2.020   -21203.2     9467.6    -4127.5      0.0      0.0      0.0 2018  7 10  0  9 23.54 -Inf   1
3905  31.145100  110.339302     6.700   -31920.9    20266.0      552.5      0.0      0.0      0.0 2018  7 13  3 39 48.21 -Inf   1
4015  30.930799  110.762199     9.720     9509.8    -3898.3     3917.3      0.0      0.0      0.0 2018  7 14 21 29 15.84 -Inf   1
4049  30.936001  110.767601    10.160    10025.6    -3321.6     4357.3      0.0      0.0      0.0 2018  7 16 13 32 22.91 -Inf   1
4040  31.018200  110.367996     9.960   -29201.2     6196.8     3812.5      0.0      0.0      0.0 2018  7 21  4 53 26.76 -Inf   1
4129  31.020300  110.584396     4.050    -7476.9     6024.5    -1752.7      0.0      0.0      0.0 2018  7 22  2 55 27.32 -Inf   1
4058  31.005400  110.715599    10.520     4000.1     4777.7     4372.5      0.0      0.0      0.0 2018  7 22  6  0 59.75 -Inf   1
4060  31.013399  110.716202     9.910     4057.5     5664.6     3762.5      0.0      0.0      0.0 2018  7 22  6  2  8.07 -Inf   1
4073  31.096500  110.158897     3.880   -49153.2    14877.9    -2267.5      0.0      0.0      0.0 2018  7 22 22 35 50.74 -Inf   1
4154  30.963301  110.830200     2.380    16004.9     -294.9    -3422.7      0.0      0.0      0.0 2018  7 22 23 20 56.54 -Inf   1
4089  30.844700  110.658997    10.090    -1407.8   -13038.9     3942.5      0.0      0.0      0.0 2018  7 23 12 52 51.04 -Inf   1
4200  31.015200  110.530800     9.200   -12596.3     5459.1     3397.3      0.0      0.0      0.0 2018  7 25 12 13 30.98 -Inf   1
4205  30.915899  110.762299    11.940     9520.0    -5550.3     6137.3      0.0      0.0      0.0 2018  7 25 15 39 14.92 -Inf   1
4208  31.026800  110.537003     8.840   -12003.1     6745.2     3037.3      0.0      0.0      0.0 2018  7 25 16 37  8.22 -Inf   1
4306  30.933300  110.770699     9.270    10321.8    -3621.1     3467.3      0.0      0.0      0.0 2018  8  5 20 51  0.12 -Inf   1
4315  31.233700  110.346703     1.000   -30145.9    29684.0    -4802.7      0.0      0.0      0.0 2018  8  6  8 41 43.01 -Inf   1
4249  31.002199  110.722198     7.410     4630.6     4422.8     1262.5      0.0      0.0      0.0 2018  8  8 12 17  9.32 -Inf   1
4398  30.764000  111.122597     7.080    43985.8   -22391.2     1277.3      0.0      0.0      0.0 2018  8 12  6 30 11.38 -Inf   1
4418  31.024599  110.573799     4.540    -8488.9     6501.2    -1262.7      0.0      0.0      0.0 2018  8 15  5 29 13.14 -Inf   1
4428  30.874201  110.946198     1.820    27099.8   -10173.3    -3982.7      0.0      0.0      0.0 2018  8 16  9 49 31.64 -Inf   1
4445  30.798401  110.941902     3.740    26699.7   -18577.2    -2062.7      0.0      0.0      0.0 2018  8 19  4 26 13.93 -Inf   1
4350  30.959400  110.267097     4.780   -38850.4     -322.2    -1367.5      0.0      0.0      0.0 2018  8 19  4 59  5.96 -Inf   1
4362  31.040001  110.447899     4.540   -21566.9     8613.9    -1607.5      0.0      0.0      0.0 2018  8 19 22 13 44.22 -Inf   1
4386  31.044300  110.449997     1.240   -21366.1     9090.5    -4907.5      0.0      0.0      0.0 2018  8 22  4 40 57.17 -Inf   1
4493  30.963301  110.476898     6.620   -17749.5     -294.9      817.3      0.0      0.0      0.0 2018  8 22 18 55 50.44 -Inf   1
4509  31.099300  110.103302     1.000   -53405.0    14783.2    -4802.7      0.0      0.0      0.0 2018  8 24 10 58 41.33 -Inf   1
4456  31.043600  110.446404     1.550   -21709.4     9012.9    -4597.5      0.0      0.0      0.0 2018  8 27 23  7 41.88 -Inf   1
4571  30.856100  110.801102     4.660    13232.2   -12180.1    -1142.7      0.0      0.0      0.0 2018  8 29 12  3 46.97 -Inf   1
4475  31.042101  110.180000     4.600   -47151.7     8846.7    -1547.5      0.0      0.0      0.0 2018  8 29 18 46 45.44 -Inf   1
4631  30.997801  110.155197     1.000   -48476.0     3530.1    -4802.7      0.0      0.0      0.0 2018  9  3  7 20 48.63 -Inf   1
4653  30.782801  110.760300     8.460     9335.4   -20306.8     2657.3      0.0      0.0      0.0 2018  9  4 22 26 10.70 -Inf   1
4557  30.779900  110.764603     8.810     8691.1   -20223.3     2662.5      0.0      0.0      0.0 2018  9  5 13 12 40.74 -Inf   1
4576  31.145201  110.297997     0.130   -35863.5    20277.3    -6017.5      0.0      0.0      0.0 2018  9  7 15 42 22.12 -Inf   1
4578  31.173500  110.319397     1.300   -33815.9    23414.8    -4847.5      0.0      0.0      0.0 2018  9  7 18  8 43.62 -Inf   1
4686  30.766600  111.091202     1.000    40982.6   -22102.9    -4802.7      0.0      0.0      0.0 2018  9  8  2 17 56.23 -Inf   1
4710  30.691601  110.935501     9.000    26102.0   -30418.0     3197.3      0.0      0.0      0.0 2018  9  9  2 23 35.84 -Inf   1
4623  30.790600  110.990303     2.420    30273.7   -19037.0    -3727.5      0.0      0.0      0.0 2018  9 10  9 46  1.34 -Inf   1
4638  31.047600  110.145798     7.130   -50416.7     9456.3      982.5      0.0      0.0      0.0 2018  9 11  5 50 24.07 -Inf   1
4781  30.865700  111.082703     6.460    40149.2   -11115.8      657.3      0.0      0.0      0.0 2018  9 11 17  6  8.92 -Inf   1
4803  31.146400  110.300400     1.000   -34579.2    20005.2    -4802.7      0.0      0.0      0.0 2018  9 12 17 53 50.36 -Inf   1
4713  30.975000  110.074402    10.560   -57256.6     1407.3     4412.5      0.0      0.0      0.0 2018  9 14  8 10 26.84 -Inf   1
4730  30.781700  110.901100     5.060    21744.5   -20023.7    -1087.5      0.0      0.0      0.0 2018  9 15  3 21 35.66 -Inf   1
4873  30.736900  111.223198    12.000    53614.6   -25395.7     6197.3      0.0      0.0      0.0 2018  9 15  3 56 57.82 -Inf   1
4891  30.977699  110.381599     1.000   -26852.3     1301.4    -4802.7      0.0      0.0      0.0 2018  9 16  3 10 36.20 -Inf   1
4759  31.071199  110.314102     3.440   -34339.4    12072.8    -2707.5      0.0      0.0      0.0 2018  9 16 10 26  2.34 -Inf   1
4791  31.041201  110.449600     3.300   -21404.3     8746.9    -2847.5      0.0      0.0      0.0 2018  9 18  0 10 58.36 -Inf   1
4795  31.038099  110.445801     6.690   -21767.5     8403.0      542.5      0.0      0.0      0.0 2018  9 18  3 45  7.67 -Inf   1
4993  31.144699  110.299301     1.000   -34684.3    19816.5    -4802.7      0.0      0.0      0.0 2018  9 19 18 57 41.40 -Inf   1
5019  30.885300  111.017899     5.550    33951.3    -8942.8     -252.7      0.0      0.0      0.0 2018  9 20 17 24 28.60 -Inf   1
5020  31.077200  110.357101     1.000   -29177.6    12333.0    -4802.7      0.0      0.0      0.0 2018  9 20 18 29  5.08 -Inf   1
5027  30.846100  111.101997     5.160    41997.8   -13288.8     -642.7      0.0      0.0      0.0 2018  9 21  6 27 20.54 -Inf   1
5103  30.890200  111.019302     6.180    34084.6    -8399.5      377.3      0.0      0.0      0.0 2018  9 24 22  1 59.24 -Inf   1
5118  30.897400  110.784698     1.230    11661.7    -7601.3    -4572.7      0.0      0.0      0.0 2018  9 25 17 22 55.68 -Inf   1
5163  31.323000  110.841301     1.000    17033.6    39584.6    -4802.7      0.0      0.0      0.0 2018  9 27  3  7 34.65 -Inf   1
5007  31.174299  110.514999     1.000   -15148.0    23503.4    -5147.5      0.0      0.0      0.0 2018  9 27 18 34 20.94 -Inf   1
5024  30.963800  110.482903     5.900   -18231.2      165.6     -247.5      0.0      0.0      0.0 2018  9 28  8 39 17.48 -Inf   1
5070  31.213400  110.329697     4.640   -32826.1    27838.4    -1507.5      0.0      0.0      0.0 2018  9 30  6 10 57.78 -Inf   1
5248  30.915001  110.901199     7.850    22793.9    -5649.9     2047.3      0.0      0.0      0.0 2018  9 30  8 13 26.78 -Inf   1
5091  31.044500  110.442703     1.350   -22062.6     9112.7    -4797.5      0.0      0.0      0.0 2018 10  1  4 42  4.29 -Inf   1
5385  30.917601  110.889999     1.120    21723.3    -5361.6    -4682.7      0.0      0.0      0.0 2018 10  8  7 35 11.35 -Inf   1
5438  30.892300  111.042801     4.850    36330.1    -8166.7     -952.7      0.0      0.0      0.0 2018 10 11  3 31 31.01 -Inf   1
5530  31.042400  110.446503     7.790   -20645.0     8474.8     1987.3      0.0      0.0      0.0 2018 10 11 12 51 42.74 -Inf   1
5349  31.067801  110.451897     4.960   -21182.1    11696.0    -1187.5      0.0      0.0      0.0 2018 10 11 14 33 45.52 -Inf   1
5350  31.021700  110.454399     5.910   -20948.1     6584.9     -237.5      0.0      0.0      0.0 2018 10 11 14 38 27.54 -Inf   1
5557  31.052401  110.435898     4.660   -21656.6     9583.5    -1142.7      0.0      0.0      0.0 2018 10 11 15 44 52.38 -Inf   1
5367  31.041700  110.452400     5.120   -21136.9     8802.3    -1027.5      0.0      0.0      0.0 2018 10 11 15 58  7.68 -Inf   1
5383  31.052000  110.465103     2.000   -19922.6     9944.2    -4147.5      0.0      0.0      0.0 2018 10 11 17 46 16.80 -Inf   1
5432  31.040899  110.451797     6.530   -21194.5     8713.5      382.5      0.0      0.0      0.0 2018 10 11 19 32 22.12 -Inf   1
5642  31.043200  110.445900     5.060   -20702.4     8563.4     -742.7      0.0      0.0      0.0 2018 10 11 20 10  4.36 -Inf   1
5648  31.028999  110.465202    14.200   -18860.4     6989.0     8397.3      0.0      0.0      0.0 2018 10 11 20 26 46.94 -Inf   1
5655  31.045700  110.446800     6.540   -20616.2     8840.6      737.3      0.0      0.0      0.0 2018 10 11 20 42 58.22 -Inf   1
5473  31.051399  110.443001     6.810   -22033.4     9877.6      662.5      0.0      0.0      0.0 2018 10 11 21 16 17.56 -Inf   1
5481  31.037399  110.461998     5.130   -20220.7     8325.4    -1017.5      0.0      0.0      0.0 2018 10 11 21 49 31.76 -Inf   1
5555  31.051399  110.462196     8.820   -20200.3     9877.6     2672.5      0.0      0.0      0.0 2018 10 12 12 40 48.40 -Inf   1
5763  31.167101  110.129303     3.770   -50904.7    22300.2    -2032.7      0.0      0.0      0.0 2018 10 12 15 39 31.08 -Inf   1
5642  31.058300  110.460800     4.030   -20332.9    10642.7    -2117.5      0.0      0.0      0.0 2018 10 13 14 29 57.43 -Inf   1
5902  31.046499  110.450203     4.760   -20291.2     8929.2    -1042.7      0.0      0.0      0.0 2018 10 14 11 27 35.59 -Inf   1
5714  31.148600  110.310204     2.320   -34697.7    20654.1    -3827.5      0.0      0.0      0.0 2018 10 14 21 16 23.44 -Inf   1
5748  31.061800  110.466003     1.370   -19835.7    11030.7    -4777.5      0.0      0.0      0.0 2018 10 15  7 41 25.52 -Inf   1
5774  31.042400  110.454102     5.200   -20974.3     8879.9     -947.5      0.0      0.0      0.0 2018 10 15 14 15  0.74 -Inf   1
5779  31.047100  110.462700     0.780   -20152.7     9400.9    -5367.5      0.0      0.0      0.0 2018 10 15 15 59 36.27 -Inf   1
5784  31.045300  110.444901     4.720   -21852.7     9201.3    -1427.5      0.0      0.0      0.0 2018 10 15 19  0  8.88 -Inf   1
5787  30.930901  110.756897    10.210     7948.0    -3482.0     4062.5      0.0      0.0      0.0 2018 10 15 20 39  9.72 -Inf   1
5811  30.845400  110.398697     3.530   -26292.4   -12961.3    -2617.5      0.0      0.0      0.0 2018 10 16  8  4 55.35 -Inf   1
6131  31.043501  110.456001    10.350   -19737.7     8596.8     4547.3      0.0      0.0      0.0 2018 10 19 17 17 33.18 -Inf   1
5913  31.035101  110.428703     4.530   -23400.8     8070.6    -1617.5      0.0      0.0      0.0 2018 10 19 17 42  3.88 -Inf   1
6142  31.069500  110.459999     5.830   -19353.3    11479.3       27.3      0.0      0.0      0.0 2018 10 19 23  3 33.56 -Inf   1
5923  31.035000  110.469002     1.000   -19552.1     8059.4    -5147.5      0.0      0.0      0.0 2018 10 20  1 15 45.39 -Inf   1
6161  31.065901  110.460800     5.600   -19277.2    11080.3     -202.7      0.0      0.0      0.0 2018 10 20 16 19  9.97 -Inf   1
5944  31.065300  110.437798     8.080   -22528.7    11418.7     1932.5      0.0      0.0      0.0 2018 10 20 23 25 45.44 -Inf   1
5950  31.044201  110.455597     5.510   -20831.3     9079.5     -637.5      0.0      0.0      0.0 2018 10 21  3 49 19.35 -Inf   1
6184  31.042801  110.464600     5.210   -18916.7     8519.2     -592.7      0.0      0.0      0.0 2018 10 21 12 39  8.51 -Inf   1
6189  31.138700  110.299400     1.000   -34676.0    19151.5    -4802.7      0.0      0.0      0.0 2018 10 21 15 53 30.50 -Inf   1
5991  31.044399  110.452003     4.200   -21174.5     9101.5    -1947.5      0.0      0.0      0.0 2018 10 22 18 23  3.80 -Inf   1
6223  31.040899  110.454399     7.890   -19891.0     8308.4     2087.3      0.0      0.0      0.0 2018 10 22 20 20 49.42 -Inf   1
6241  31.041901  110.453598     4.540   -19967.4     8419.4    -1262.7      0.0      0.0      0.0 2018 10 23 15 18 59.47 -Inf   1
6330  31.039200  110.437202     5.110   -21533.5     8119.9     -692.7      0.0      0.0      0.0 2018 10 29  6  8 40.24 -Inf   1
6138  30.957500  110.796600     5.280    11740.3     -532.9     -867.5      0.0      0.0      0.0 2018 10 30 14 37 27.25 -Inf   1
6372  31.054701  110.435303     6.460   -21713.2     9838.5      657.3      0.0      0.0      0.0 2018 10 30 18 37 18.46 -Inf   1
6143  31.033400  110.420197     4.800   -24213.4     7882.0    -1347.5      0.0      0.0      0.0 2018 10 30 20 35 36.50 -Inf   1
6376  31.024799  110.461899     1.860   -19176.4     6523.4    -3942.7      0.0      0.0      0.0 2018 10 30 22 45 18.16 -Inf   1
6188  31.057199  110.475800     0.770   -18900.6    10520.7    -5377.5      0.0      0.0      0.0 2018 11  2  0 55 59.61 -Inf   1
6431  31.043699  110.450798     1.120   -20234.6     8618.8    -4682.7      0.0      0.0      0.0 2018 11  2 16 43 25.54 -Inf   1
6439  31.038500  110.418503     5.190   -23319.4     8042.3     -612.7      0.0      0.0      0.0 2018 11  2 21 29 49.94 -Inf   1
6450  30.846800  111.231598    11.150    54387.2   -13211.2     5347.3      0.0      0.0      0.0 2018 11  3  6 31 54.72 -Inf   1
6480  30.888399  111.158997     8.630    47436.5    -8599.2     2827.3      0.0      0.0      0.0 2018 11  4 19 56 44.12 -Inf   1
6515  30.889299  111.140999     6.550    45716.1    -8499.4      747.3      0.0      0.0      0.0 2018 11  6  5 49 54.48 -Inf   1
6290  31.153000  110.310799     2.960   -34640.2    21141.9    -3187.5      0.0      0.0      0.0 2018 11  6  7 40 52.41 -Inf   1
6300  30.948500  110.778503     7.290    10011.7    -1530.8     1142.5      0.0      0.0      0.0 2018 11  6 21 21 46.52 -Inf   1
6301  31.089600  110.145302     1.730   -50453.0    14112.8    -4417.5      0.0      0.0      0.0 2018 11  6 22 15 10.82 -Inf   1
6313  31.100700  110.435600     8.200   -22734.3    15343.5     2052.5      0.0      0.0      0.0 2018 11  7 13 29  2.49 -Inf   1
6549  31.045900  110.452301     5.720   -20090.9     8862.8      -82.7      0.0      0.0      0.0 2018 11  7 16 21 30.02 -Inf   1
6552  31.042400  110.459801     4.920   -19375.0     8474.8     -882.7      0.0      0.0      0.0 2018 11  7 19 55 40.12 -Inf   1
6585  30.804501  110.915802     0.830    24203.2   -17900.9    -4972.7      0.0      0.0      0.0 2018 11  9  7 39  2.67 -Inf   1
6590  30.886900  111.145699     6.890    46165.8    -8765.4     1087.3      0.0      0.0      0.0 2018 11  9 14 47 26.93 -Inf   1
6598  30.887501  111.143501     7.220    45955.7    -8698.8     1417.3      0.0      0.0      0.0 2018 11  9 20 40 29.08 -Inf   1
6606  31.047100  110.451599     8.850   -20157.8     8995.8     3047.3      0.0      0.0      0.0 2018 11 10  2 45  7.39 -Inf   1
6651  31.038700  110.457497     0.640   -19595.4     8064.5    -5162.7      0.0      0.0      0.0 2018 11 11 11 56 58.82 -Inf   1
6455  31.039801  110.433601     3.200   -22932.4     8591.7    -2947.5      0.0      0.0      0.0 2018 11 15 13  0 18.48 -Inf   1
6723  31.105000  109.957397     7.070   -67332.9    15415.1     1267.3      0.0      0.0      0.0 2018 11 16  7  0 17.47 -Inf   1
6725  30.804300  111.263496     8.000    57449.2   -17923.1     2197.3      0.0      0.0      0.0 2018 11 16  7 55  8.45 -Inf   1
6475  30.881399  111.022697     6.320    33355.8    -8970.1      172.5      0.0      0.0      0.0 2018 11 16 22 17  7.82 -Inf   1
6770  30.987900  110.811401     1.000    14207.1     2432.4    -4802.7      0.0      0.0      0.0 2018 11 18 11 45 18.65 -Inf   1
6776  31.153601  110.290199     1.000   -35551.5    20803.4    -4802.7      0.0      0.0      0.0 2018 11 18 20 44 44.38 -Inf   1
6824  31.038700  110.427597     2.520   -22450.9     8064.5    -3282.7      0.0      0.0      0.0 2018 11 20 15 12  0.95 -Inf   1
6565  31.039400  110.458900     2.920   -20516.3     8547.3    -3227.5      0.0      0.0      0.0 2018 11 20 22 28 53.28 -Inf   1
6602  31.115700  110.322502     3.850   -33529.6    17006.5    -2297.5      0.0      0.0      0.0 2018 11 22 10 39 20.00 -Inf   1
6622  31.046101  110.317398     8.380   -34029.2     9290.1     2232.5      0.0      0.0      0.0 2018 11 23  6 33  1.40 -Inf   1
6630  31.058300  110.447899     4.420   -21564.9    10642.7    -1727.5      0.0      0.0      0.0 2018 11 23 14 44 36.31 -Inf   1
6655  31.235701  110.475197     4.890   -18940.6    30310.9    -1257.5      0.0      0.0      0.0 2018 11 24 14 35 48.61 -Inf   1
6698  30.830400  110.941902     5.220    25640.0   -14624.3     -927.5      0.0      0.0      0.0 2018 11 26  8 16 36.06 -Inf   1
6980  30.891600  111.149902     7.590    46566.5    -8244.3     1787.3      0.0      0.0      0.0 2018 11 26 10 12 28.59 -Inf   1
6714  30.735100  110.805397     9.240    12595.3   -25190.2     3092.5      0.0      0.0      0.0 2018 11 26 23  6  2.44 -Inf   1
7035  31.096800  109.877502    18.000   -74963.6    14506.0    12197.2      0.0      0.0      0.0 2018 11 28  4  8  0.81 -Inf   1
6763  30.883301  111.004898     8.470    31654.2    -8759.3     2322.5      0.0      0.0      0.0 2018 11 28 10  1  7.88 -Inf   1
7061  30.889099  111.141502     6.860    45764.2    -8521.6     1057.3      0.0      0.0      0.0 2018 11 28 22 11 17.66 -Inf   1
7083  31.044100  110.478897     1.000   -17551.1     8663.2    -4802.7      0.0      0.0      0.0 2018 11 29 16 29 47.05 -Inf   1
7120  31.170099  110.309998     1.000   -33658.9    22632.6    -4802.7      0.0      0.0      0.0 2018 11 30 18 23 33.40 -Inf   1
7173  30.886999  111.139801     6.890    45602.1    -8754.4     1087.3      0.0      0.0      0.0 2018 12  2 12 45 37.64 -Inf   1
7176  31.150400  110.309402     5.580   -33719.2    20448.6     -222.7      0.0      0.0      0.0 2018 12  2 15 52 24.93 -Inf   1
7202  31.143200  110.303200     2.900   -34312.5    19650.3    -2902.7      0.0      0.0      0.0 2018 12  3 17 13 58.40 -Inf   1
6943  30.820101  111.248001     6.830    54908.2   -15766.2      682.5      0.0      0.0      0.0 2018 12  7  5 58 47.47 -Inf   1
7247  30.888800  111.142799     7.380    45888.3    -8554.8     1577.3      0.0      0.0      0.0 2018 12  7 11 11 27.49 -Inf   1
6964  30.878599  111.142601     7.770    44817.1    -9280.6     1622.5      0.0      0.0      0.0 2018 12  7 21 17 44.64 -Inf   1
7265  31.037201  110.440300     5.480   -21237.9     7898.3     -322.7      0.0      0.0      0.0 2018 12  7 22 20 32.36 -Inf   1
6982  30.887800  111.138802     6.400    44451.8    -8260.5      252.5      0.0      0.0      0.0 2018 12  8 15 43 32.05 -Inf   1
6989  30.885000  111.038101     5.620    34827.5    -8570.9     -527.5      0.0      0.0      0.0 2018 12  8 22 53  6.16 -Inf   1
7306  30.888800  111.032402     4.960    35336.9    -8554.8     -842.7      0.0      0.0      0.0 2018 12  9 14  2 41.65 -Inf   1
7311  31.153700  110.269997     5.480   -37479.7    20814.4     -322.7      0.0      0.0      0.0 2018 12  9 15 57 34.31 -Inf   1
7318  30.880199  111.024696     4.260    34601.9    -9508.3    -1542.7      0.0      0.0      0.0 2018 12  9 22 19 58.04 -Inf   1
7019  31.038900  110.428902     5.520   -23381.4     8491.9     -627.5      0.0      0.0      0.0 2018 12 10  3 48 48.58 -Inf   1
7339  31.081100  110.174896     4.790   -46574.2    12765.4    -1012.7      0.0      0.0      0.0 2018 12 10 17 51  4.36 -Inf   1
7065  30.996201  109.954697     6.710   -68685.1     3757.8      562.5      0.0      0.0      0.0 2018 12 11 13 44 26.05 -Inf   1
7111  31.124100  110.127800     1.000   -52114.8    17937.8    -5147.5      0.0      0.0      0.0 2018 12 13 20 27 22.24 -Inf   1
7426  30.882000  111.142502     6.910    45861.5    -9308.6     1107.3      0.0      0.0      0.0 2018 12 13 23 58  6.12 -Inf   1
7452  30.885300  111.143402     7.950    45946.7    -8942.8     2147.3      0.0      0.0      0.0 2018 12 14 22 11 53.70 -Inf   1
7175  30.813999  111.251297     9.510    55225.1   -16442.7     3362.5      0.0      0.0      0.0 2018 12 16  6 38  3.51 -Inf   1
7240  31.042200  110.462196     4.960   -20201.3     8857.7    -1187.5      0.0      0.0      0.0 2018 12 18 18 54  5.20 -Inf   1
7597  30.991899  111.222801     1.000    53506.0     2875.8    -4802.7      0.0      0.0      0.0 2018 12 20  4 30 20.08 -Inf   1
7331  31.140600  110.478798    11.040   -18606.2    19767.2     4892.5      0.0      0.0      0.0 2018 12 22 20 10 17.30 -Inf   1
7685  30.889200  111.030800     5.910    35183.7    -8510.4      107.3      0.0      0.0      0.0 2018 12 23 22 33 38.00 -Inf   1
7352  30.941200  110.518097     1.000   -14870.4    -2340.1    -5147.5      0.0      0.0      0.0 2018 12 23 23 40 36.70 -Inf   1
7354  30.696600  110.928596     9.660    24384.7   -29458.6     3512.5      0.0      0.0      0.0 2018 12 24  1 50 29.36 -Inf   1
7396  30.877899  111.141602     6.530    44721.7    -9358.2      382.5      0.0      0.0      0.0 2018 12 26  1 26  9.67 -Inf   1
7786  30.878201  110.307098     1.000   -33987.1    -9729.9    -4802.7      0.0      0.0      0.0 2018 12 28  4 30 11.13 -Inf   1
7800  30.883101  111.023697     5.730    34505.9    -9186.6      -72.7      0.0      0.0      0.0 2018 12 28 21 52 50.74 -Inf   1
7455  30.828400  111.243500     9.060    54475.5   -14846.1     2912.5      0.0      0.0      0.0 2018 12 29  6  8  1.71 -Inf   1
7470  30.827499  111.233398     7.230    53509.9   -14945.9     1082.5      0.0      0.0      0.0 2018 12 30  2 29  8.23 -Inf   1
7828  31.071600  110.239998     5.020   -40360.2    11712.1     -782.7      0.0      0.0      0.0 2018 12 30  2 35 10.26 -Inf   1
7490  31.017401  110.569603     6.100    -9944.9     6108.2      -47.5      0.0      0.0      0.0 2018 12 30 15  2 31.57 -Inf   1
7501  30.852400  111.250298     9.050    55118.6   -12185.3     2902.5      0.0      0.0      0.0 2018 12 31  2 23 24.17 -Inf   1
