156  30.785500  110.765099     9.330     9794.1   -20007.5     3527.3      0.0      0.0      0.0 2018  1  6 20 45 59.40 -Inf   1
166  31.041401  110.452904     8.010   -20910.1     8839.9     1964.9      0.0      0.0      0.0 2018  1  7 13 18 44.67 -Inf   1
328  30.932400  110.773300    10.030     9694.2    -3244.9     3984.9      0.0      0.0      0.0 2018  1 14 13 52 31.11 -Inf   1
412  30.981001  109.986801    12.000   -65623.5     2072.6     5852.5      0.0      0.0      0.0 2018  1 15  6  4 21.57 -Inf   1
422  30.939899  110.769699    12.020    10225.9    -2889.4     6217.3      0.0      0.0      0.0 2018  1 16 16 35 12.39 -Inf   1
432  30.929199  110.786797    10.890    10984.1    -3599.8     4844.9      0.0      0.0      0.0 2018  1 19  2 38  3.30 -Inf   1
533  30.934601  110.796997    11.750    12834.6    -3476.8     5947.3      0.0      0.0      0.0 2018  1 20 18 46 33.58 -Inf   1
595  30.928499  110.784599    11.580    10595.3    -3748.2     5432.5      0.0      0.0      0.0 2018  1 22  6 47 27.28 -Inf   1
607  31.025499  110.317802     6.360   -33994.2     7006.1      212.5      0.0      0.0      0.0 2018  1 22 17  1 29.82 -Inf   1
598  31.043400  110.456100     1.000   -19728.3     8585.6    -4802.7      0.0      0.0      0.0 2018  1 23  2 37 24.57 -Inf   1
606  30.754101  111.200302     7.130    51420.0   -23488.7     1327.3      0.0      0.0      0.0 2018  1 23  6 11 34.97 -Inf   1
564  30.966999  110.760201    12.860     8441.0      591.1     6814.9      0.0      0.0      0.0 2018  1 23 14 47  7.34 -Inf   1
585  30.954100  110.759804    12.010     8403.6     -839.1     5964.9      0.0      0.0      0.0 2018  1 24 13 10 38.14 -Inf   1
670  31.042500  110.444199     4.700   -21741.4     8961.7    -1345.1      0.0      0.0      0.0 2018  1 29 13  9 31.06 -Inf   1
815  30.983299  109.970497     6.000   -66124.0     1922.3      197.3      0.0      0.0      0.0 2018  2  2  9 52  4.19 -Inf   1
905  31.073000  110.215897    13.350   -43716.5    12272.4     7202.5      0.0      0.0      0.0 2018  2  9 17 15 31.42 -Inf   1
888  31.045200  110.439903     6.170   -21274.9     8785.2      367.3      0.0      0.0      0.0 2018  2 11 10 28 49.91 -Inf   1
949  30.958799  110.265198     8.850   -39032.0     -388.9     2702.5      0.0      0.0      0.0 2018  2 14 20 30 41.92 -Inf   1
927  31.099300  110.248596     2.120   -39533.4    14783.2    -3682.7      0.0      0.0      0.0 2018  2 15 17 53 46.52 -Inf   1
844  30.936899  110.760902    11.220     8509.3    -2746.1     5174.9      0.0      0.0      0.0 2018  2 19  9 49  7.94 -Inf   1
1032  30.950899  110.489197    10.210   -16575.5    -1669.9     4407.3      0.0      0.0      0.0 2018  2 25  2 43 12.85 -Inf   1
906  30.933399  110.767403    10.160     9130.6    -3134.1     4114.9      0.0      0.0      0.0 2018  2 25 11 54 54.72 -Inf   1
1057  31.020599  110.434898     8.700   -21755.6     6057.7     2897.3      0.0      0.0      0.0 2018  2 26  7 12 38.60 -Inf   1
1058  31.041500  110.436096     9.310   -21638.9     8375.0     3507.3      0.0      0.0      0.0 2018  2 26  8  2 48.50 -Inf   1
933  31.087799  110.451302     6.070   -21058.1    13984.0       24.9      0.0      0.0      0.0 2018  2 27 11  8 18.61 -Inf   1
964  30.851400  111.144699     6.800    45203.0   -12225.2      754.9      0.0      0.0      0.0 2018  2 28  3 23  9.15 -Inf   1
981  31.075800  110.164101     1.810   -48483.1    12653.7    -4235.1      0.0      0.0      0.0 2018  2 28 12 13 33.06 -Inf   1
982  31.160700  110.483002     1.210   -18024.5    22066.4    -4835.1      0.0      0.0      0.0 2018  2 28 15 51 50.92 -Inf   1
1025  30.918400  110.756104    11.930     8051.6    -4797.1     5884.9      0.0      0.0      0.0 2018  3  2  7 20 13.84 -Inf   1
1037  30.934299  110.765297    10.480     8929.4    -3034.3     4434.9      0.0      0.0      0.0 2018  3  2 12 29  2.21 -Inf   1
1262  30.930799  110.762100    10.340     9500.3    -3898.3     4537.3      0.0      0.0      0.0 2018  3  3  5  6  3.16 -Inf   1
1307  30.929199  110.772903     9.860    10532.7    -4075.7     4057.3      0.0      0.0      0.0 2018  3  4 19 36  8.82 -Inf   1
1323  31.072901  110.278503     6.110   -36683.2    11856.3      307.3      0.0      0.0      0.0 2018  3  5 13 46 23.19 -Inf   1
1332  31.060400  110.199997     8.610   -44182.3    10470.4     2807.3      0.0      0.0      0.0 2018  3  6 20 10 29.92 -Inf   1
1416  31.087999  110.453003     6.050   -21074.2    13935.4      -97.5      0.0      0.0      0.0 2018  3  9  0 49 48.41 -Inf   1
1435  30.774200  110.765800     9.870     9861.8   -21260.3     4067.3      0.0      0.0      0.0 2018  3 10 14 19 28.14 -Inf   1
1512  30.755899  110.850700     8.790    16926.9   -22884.1     2642.5      0.0      0.0      0.0 2018  3 12  3 35 31.40 -Inf   1
1526  30.924500  110.789597     8.390    12128.1    -4596.8     2587.3      0.0      0.0      0.0 2018  3 15 14 39 45.56 -Inf   1
1625  30.738501  110.885902     5.350    21351.5   -25218.3     -452.7      0.0      0.0      0.0 2018  3 21  0 58  8.87 -Inf   1
1647  30.928900  110.794601     8.440    12606.1    -4108.9     2637.3      0.0      0.0      0.0 2018  3 21 19 59 35.12 -Inf   1
1516  31.134199  110.024498     4.000   -61794.4    19128.3    -2045.1      0.0      0.0      0.0 2018  3 27  9 56  6.99 -Inf   1
1822  31.044600  110.455399     7.790   -20850.2     9123.7     1642.5      0.0      0.0      0.0 2018  3 28  3 43 43.39 -Inf   1
1824  30.757401  110.852097     8.220    17060.3   -22717.7     2072.5      0.0      0.0      0.0 2018  3 28  5 48 47.20 -Inf   1
1805  30.972200  109.975197    12.000   -65678.9      691.8     6197.3      0.0      0.0      0.0 2018  3 28 10 39 46.62 -Inf   1
1846  30.935499  110.776001     8.530     9773.3    -2972.1     2382.5      0.0      0.0      0.0 2018  3 28 23 38 58.92 -Inf   1
1824  30.847900  111.138199     6.270    45458.2   -13089.2      467.3      0.0      0.0      0.0 2018  3 28 23 43 54.10 -Inf   1
1832  30.952299  109.987000    12.000   -64557.9    -1514.6     6197.3      0.0      0.0      0.0 2018  3 29  3 55 13.47 -Inf   1
1699  31.063000  110.146797     8.100   -50138.7    11234.5     2054.9      0.0      0.0      0.0 2018  4  5  4 40 54.01 -Inf   1
2048  30.806000  110.922302     4.670    23769.1   -17329.6    -1477.5      0.0      0.0      0.0 2018  4  7  8 32 24.38 -Inf   1
1765  30.955799  110.363602     9.520   -29451.8     -650.7     3474.9      0.0      0.0      0.0 2018  4  9  8  0 25.36 -Inf   1
2108  30.932501  110.764999     9.580     9777.2    -3709.7     3777.3      0.0      0.0      0.0 2018  4 10 17 37 39.56 -Inf   1
2159  30.878901  111.041000     4.140    35105.7    -9247.2    -2007.5      0.0      0.0      0.0 2018  4 10 23 35 22.40 -Inf   1
2161  30.841200  111.140404     6.080    44615.7   -13427.0      -67.5      0.0      0.0      0.0 2018  4 11  2 20 14.52 -Inf   1
2157  30.929300  110.773598    10.140    10599.0    -4064.5     4337.3      0.0      0.0      0.0 2018  4 11 23 33 44.48 -Inf   1
2175  30.882401  111.015503     3.940    33722.8    -9264.2    -1862.7      0.0      0.0      0.0 2018  4 12 16 16 25.64 -Inf   1
2230  31.161400  110.327301     6.250   -33063.6    22073.2      102.5      0.0      0.0      0.0 2018  4 14 20 53  9.36 -Inf   1
1899  30.989901  109.975502    10.000   -66521.3     3130.1     3954.9      0.0      0.0      0.0 2018  4 15  5 34 39.50 -Inf   1
2244  30.906500  110.734299     7.800     6844.5    -6592.4     1997.3      0.0      0.0      0.0 2018  4 16  4 13 54.82 -Inf   1
1965  31.146299  110.517799     6.700   -14704.4    20469.9      654.9      0.0      0.0      0.0 2018  4 19 20 27  5.02 -Inf   1
2346  30.916100  110.763298     6.510     9615.5    -5528.1      707.3      0.0      0.0      0.0 2018  4 23  3 20 15.46 -Inf   1
2406  30.883200  111.013496     5.240    32476.0    -8770.5     -907.5      0.0      0.0      0.0 2018  4 27 15  9  0.99 -Inf   1
2415  30.774500  111.189499     7.880    49326.3   -20821.9     1732.5      0.0      0.0      0.0 2018  4 28  2 54  5.28 -Inf   1
2464  31.033800  110.452103     4.300   -21166.2     7926.4    -1847.5      0.0      0.0      0.0 2018  4 30 12 12  3.76 -Inf   1
2480  31.076200  110.165604     1.380   -47462.6    12222.2    -4422.7      0.0      0.0      0.0 2018  4 30 23 44 34.98 -Inf   1
2515  31.049700  110.444397     7.910   -20845.3     9284.1     2107.3      0.0      0.0      0.0 2018  5  3  1 35 58.15 -Inf   1
2139  30.932301  110.767700     8.560     9159.1    -3255.9     2514.9      0.0      0.0      0.0 2018  5  3  6 21 15.98 -Inf   1
2147  31.039000  110.448097     6.810   -21369.4     8573.7      764.9      0.0      0.0      0.0 2018  5  3 17 19  3.76 -Inf   1
2551  30.757299  111.197800     4.320    51179.8   -23134.1    -1482.7      0.0      0.0      0.0 2018  5  4  7 56 23.95 -Inf   1
2595  31.145700  110.297798     1.000   -35882.4    20332.7    -5147.5      0.0      0.0      0.0 2018  5  7 18  2 46.76 -Inf   1
2284  30.968800  110.504501     1.310   -15988.4      790.7    -4735.1      0.0      0.0      0.0 2018  5 11 18 46 56.04 -Inf   1
2290  30.846500  111.148499     5.700    45567.4   -12768.5     -345.1      0.0      0.0      0.0 2018  5 12  4 25  3.97 -Inf   1
2717  31.030199  110.452301     4.100   -21147.6     7527.1    -2047.5      0.0      0.0      0.0 2018  5 13 21 49  9.64 -Inf   1
2475  30.878201  111.187500    10.850    49287.8    -9253.9     4804.9      0.0      0.0      0.0 2018  5 19  1 51 23.90 -Inf   1
2496  30.933100  110.765800    10.070     8977.6    -3167.3     4024.9      0.0      0.0      0.0 2018  5 20  2 14 46.78 -Inf   1
2923  31.024599  110.447601     5.380   -21597.1     6906.3     -767.5      0.0      0.0      0.0 2018  5 21  1 16  0.11 -Inf   1
2545  30.848801  111.136398     5.980    44410.1   -12513.5      -65.1      0.0      0.0      0.0 2018  5 21 23 16 24.12 -Inf   1
2592  31.113701  110.083702    11.020   -56149.0    16855.7     4974.9      0.0      0.0      0.0 2018  5 25  3 49 15.42 -Inf   1
2626  31.052601  110.466499     6.650   -19610.6    10081.6      604.9      0.0      0.0      0.0 2018  5 27  4  2 26.88 -Inf   1
2636  31.000999  110.017197     6.000   -62534.7     4360.6      -45.1      0.0      0.0      0.0 2018  5 27 11 20 51.73 -Inf   1
3057  31.017700  110.359299     3.490   -30032.1     6141.4    -2657.5      0.0      0.0      0.0 2018  5 27 19  0 11.12 -Inf   1
3109  30.857901  111.123596     5.870    44060.0   -11980.5       67.3      0.0      0.0      0.0 2018  5 28  8 56 45.81 -Inf   1
3141  30.853800  111.139397     7.020    45571.3   -12435.2     1217.3      0.0      0.0      0.0 2018  5 29 22 52 52.32 -Inf   1
3165  30.931299  110.765297    10.590     9805.7    -3842.9     4787.3      0.0      0.0      0.0 2018  5 31  2 40  7.86 -Inf   1
3174  30.985300  110.026802     8.000   -60744.6     2144.1     2197.3      0.0      0.0      0.0 2018  5 31  8 17 49.20 -Inf   1
2726  31.087601  110.354797     4.320   -30272.3    13962.0    -1725.1      0.0      0.0      0.0 2018  6  1 15 17 31.87 -Inf   1
3215  30.997000  109.962898    10.000   -66845.2     3441.3     4197.3      0.0      0.0      0.0 2018  6  2  9  6 33.05 -Inf   1
3182  30.849501  111.136703     5.520    44260.0   -12506.7     -627.5      0.0      0.0      0.0 2018  6  3  1 21 26.18 -Inf   1
2805  30.889400  110.590202     7.560    -7803.8    -8012.2     1514.9      0.0      0.0      0.0 2018  6  5  4 15 53.85 -Inf   1
3398  30.925699  110.748802     6.790     8229.8    -4463.7      987.3      0.0      0.0      0.0 2018  6  9 18 50 28.48 -Inf   1
3348  30.938299  110.764000     9.660     8626.4    -2661.7     3512.5      0.0      0.0      0.0 2018  6 10  5  6 47.34 -Inf   1
3351  30.930599  110.767097    11.050     8922.7    -3515.4     4902.5      0.0      0.0      0.0 2018  6 10  5 10  3.95 -Inf   1
3452  31.122601  110.797401    12.410    12860.7    17366.5     6607.3      0.0      0.0      0.0 2018  6 11  5 50 11.03 -Inf   1
3493  31.187599  110.293999     1.000   -35182.6    24572.8    -4802.7      0.0      0.0      0.0 2018  6 11 21 22  9.84 -Inf   1
2967  31.115200  110.792801     8.940    11546.7    17021.9     2894.9      0.0      0.0      0.0 2018  6 11 22 54 51.92 -Inf   1
3517  31.019600  110.563103     5.990   -10565.7     6352.0     -157.5      0.0      0.0      0.0 2018  6 16  5 13 11.69 -Inf   1
3581  31.082500  110.369003     3.040   -29095.3    13325.7    -3107.5      0.0      0.0      0.0 2018  6 19 13 30 57.95 -Inf   1
3104  30.941401  110.657898     8.130    -1333.2    -2247.0     2084.9      0.0      0.0      0.0 2018  6 19 16 41 20.20 -Inf   1
3128  30.763599  110.983498     6.230    29806.1   -21959.6      184.9      0.0      0.0      0.0 2018  6 21  4  9 28.56 -Inf   1
3176  30.983601  109.965599     8.000   -67469.5     2431.7     1954.9      0.0      0.0      0.0 2018  6 24 22 32 35.44 -Inf   1
3776  30.994900  109.965797     8.000   -66569.0     3208.4     2197.3      0.0      0.0      0.0 2018  6 27  9 24 59.40 -Inf   1
3813  31.077900  110.183197     4.430   -45782.4    12410.6    -1372.7      0.0      0.0      0.0 2018  6 29 19  6 58.20 -Inf   1
3764  30.837799  111.259399     7.030    55992.9   -13804.0      882.5      0.0      0.0      0.0 2018  7  3  6 43 37.55 -Inf   1
3376  31.046900  110.453796     6.120   -20824.3     9449.6       74.9      0.0      0.0      0.0 2018  7  9  9 54 21.83 -Inf   1
3935  30.925699  110.759804    10.430     8226.0    -4058.6     4282.5      0.0      0.0      0.0 2018  7 15  3 52 52.47 -Inf   1
3940  30.934401  110.767403    10.500     8951.7    -3093.9     4352.5      0.0      0.0      0.0 2018  7 15  8  5  8.11 -Inf   1
3436  31.033501  110.452904    10.430   -20911.0     7964.0     4384.9      0.0      0.0      0.0 2018  7 15 10 25 52.44 -Inf   1
4051  31.028700  110.174301     6.950   -46643.7     6955.8     1147.3      0.0      0.0      0.0 2018  7 16 20 56 54.52 -Inf   1
3999  30.947901  110.254501     6.130   -40056.2    -1597.2      -17.5      0.0      0.0      0.0 2018  7 17 21 39 59.72 -Inf   1
4007  30.945400  110.761597    12.860     8396.4    -1874.4     6712.5      0.0      0.0      0.0 2018  7 18  5 29 41.27 -Inf   1
4109  31.114500  110.428101     8.820   -22394.0    16468.4     3017.3      0.0      0.0      0.0 2018  7 20 17 58 17.64 -Inf   1
4110  31.044701  110.446404     8.690   -20654.2     8729.8     2887.3      0.0      0.0      0.0 2018  7 20 18 29 56.80 -Inf   1
4112  31.024900  110.533302     8.510   -12356.7     6534.6     2707.3      0.0      0.0      0.0 2018  7 20 21 54  1.04 -Inf   1
4050  30.890499  110.807198     9.720    12757.2    -7961.2     3572.5      0.0      0.0      0.0 2018  7 22  2 47 46.23 -Inf   1
4191  31.245100  110.067398     1.330   -56789.7    30947.9    -4472.7      0.0      0.0      0.0 2018  7 25  4 25 51.67 -Inf   1
4201  31.019100  110.527702     7.430   -12891.9     5891.5     1627.3      0.0      0.0      0.0 2018  7 25 12 43 36.65 -Inf   1
4206  30.929399  110.762703     9.790     9557.9    -4053.5     3987.3      0.0      0.0      0.0 2018  7 25 15 52 19.29 -Inf   1
4226  30.912399  110.914101     1.040    22972.2    -5533.2    -5107.5      0.0      0.0      0.0 2018  8  7  4 28  8.26 -Inf   1
4362  30.800900  110.968697     7.490    29261.4   -18300.2     1687.3      0.0      0.0      0.0 2018  8  9  9 10 33.99 -Inf   1
4369  30.914700  110.902298     4.640    22898.9    -5683.3    -1162.7      0.0      0.0      0.0 2018  8 10  1 48 29.77 -Inf   1
4299  30.815300  110.664398    10.270     -891.5   -16298.5     4122.5      0.0      0.0      0.0 2018  8 11 20  4 39.00 -Inf   1
4304  31.055599  110.435501     2.560   -22749.1    10343.2    -3587.5      0.0      0.0      0.0 2018  8 12 14 35 58.79 -Inf   1
4339  30.871300  110.945503     3.900    25978.8   -10089.8    -2247.5      0.0      0.0      0.0 2018  8 17  9 47 50.66 -Inf   1
4438  31.037399  110.458900    13.040   -19461.5     7920.3     7237.3      0.0      0.0      0.0 2018  8 17 21 10 47.32 -Inf   1
4439  30.920099  110.905296     6.490    23184.8    -5084.6      687.3      0.0      0.0      0.0 2018  8 18  2 41 31.45 -Inf   1
4518  31.130501  110.035103     1.000   -59906.4    18242.4    -4802.7      0.0      0.0      0.0 2018  8 25  7 48 20.31 -Inf   1
4585  31.037901  110.467499     8.830   -18640.3     7975.9     3027.3      0.0      0.0      0.0 2018  8 30 18 16 57.80 -Inf   1
3883  30.983299  110.378502    15.150   -28024.2     2398.2     9104.9      0.0      0.0      0.0 2018  8 31  2  6 34.15 -Inf   1
4501  31.032101  110.462402     5.620   -20182.6     7738.0     -527.5      0.0      0.0      0.0 2018  8 31 21 35 48.60 -Inf   1
3920  31.031601  110.449600     4.950   -21226.7     7753.4    -1095.1      0.0      0.0      0.0 2018  9  3 16 47 31.16 -Inf   1
4713  31.125200  110.014503    11.340   -61874.5    17654.7     5537.3      0.0      0.0      0.0 2018  9  9  3 36 55.90 -Inf   1
4714  30.769899  111.171799     9.450    48689.9   -21737.1     3647.3      0.0      0.0      0.0 2018  9  9  4  0 32.93 -Inf   1
4005  31.045500  110.445702     8.690   -21597.5     9294.3     2644.9      0.0      0.0      0.0 2018  9 10 14 54 54.40 -Inf   1
4759  30.920601  110.775497     9.010    10781.0    -5029.0     3207.3      0.0      0.0      0.0 2018  9 10 18 30 56.22 -Inf   1
4060  30.867001  111.089203     7.070    39894.5   -10495.7     1024.9      0.0      0.0      0.0 2018  9 13 17 40 39.94 -Inf   1
4145  30.865900  110.900398     2.410    21846.9   -10617.7    -3635.1      0.0      0.0      0.0 2018  9 18  8 33  4.08 -Inf   1
4956  30.860800  111.110603    10.040    42817.3   -11659.1     4237.3      0.0      0.0      0.0 2018  9 18 14 53 12.52 -Inf   1
4819  31.080299  109.847000    12.000   -78938.4    13081.7     5852.5      0.0      0.0      0.0 2018  9 19  4 41 15.91 -Inf   1
5007  31.062300  110.136200     9.140   -50273.8    10681.0     3337.3      0.0      0.0      0.0 2018  9 20  6 43 30.79 -Inf   1
5025  30.847200  111.101997     5.490    41997.6   -13166.8     -312.7      0.0      0.0      0.0 2018  9 21  3  1 25.74 -Inf   1
5032  31.126499  110.023300    11.880   -61034.3    17798.7     6077.3      0.0      0.0      0.0 2018  9 21  9 41 22.19 -Inf   1
5102  30.781099  110.766296     8.800     9908.9   -20495.4     2997.3      0.0      0.0      0.0 2018  9 24 20 30 27.60 -Inf   1
5145  30.901699  110.788597     7.640    12034.0    -7124.6     1837.3      0.0      0.0      0.0 2018  9 26 13 30  5.94 -Inf   1
4997  30.857500  111.096001     5.160    40367.3   -11619.8     -987.5      0.0      0.0      0.0 2018  9 27  6 34  7.64 -Inf   1
5221  30.970200  110.822998     2.100    15316.3      470.0    -3702.7      0.0      0.0      0.0 2018  9 29  0 46 24.44 -Inf   1
4366  31.044100  110.442398     7.520   -21913.1     9139.1     1474.9      0.0      0.0      0.0 2018  9 29 13 13  0.40 -Inf   1
4383  30.969200  110.501999     1.850   -16227.5      835.1    -4195.1      0.0      0.0      0.0 2018  9 30 15 46  9.04 -Inf   1
4420  31.066900  110.424599     2.580   -23610.2    11667.0    -3465.1      0.0      0.0      0.0 2018 10  3 20 34 38.36 -Inf   1
4433  31.015100  110.559799     3.360   -10702.7     5924.0    -2685.1      0.0      0.0      0.0 2018 10  5 11 51 53.58 -Inf   1
4446  30.774900  110.766800    11.980     9080.5   -20706.7     5934.9      0.0      0.0      0.0 2018 10  7  1 34 53.79 -Inf   1
4668  31.047501  110.461098     4.090   -20126.9     9516.2    -1955.1      0.0      0.0      0.0 2018 10 11 19  5 16.60 -Inf   1
5616  31.042400  110.454002    11.400   -19928.7     8474.8     5597.3      0.0      0.0      0.0 2018 10 11 19 14  0.92 -Inf   1
4718  31.032200  110.454002     6.050   -20806.2     7819.8        4.9      0.0      0.0      0.0 2018 10 11 21 10  7.64 -Inf   1
5480  31.049601  110.458702     5.410   -20534.2     9678.2     -737.5      0.0      0.0      0.0 2018 10 11 21 48 33.44 -Inf   1
5496  31.047300  110.461800     5.000   -20238.6     9423.1    -1147.5      0.0      0.0      0.0 2018 10 12  0 11 47.89 -Inf   1
5699  30.824499  111.265701    10.510    57654.0   -15683.7     4707.3      0.0      0.0      0.0 2018 10 12  0 56  6.21 -Inf   1
5723  31.039499  110.453598     5.900   -19967.7     8153.1       97.3      0.0      0.0      0.0 2018 10 12  6  4 53.64 -Inf   1
5755  31.044100  110.440300     8.700   -21237.1     8663.2     2897.3      0.0      0.0      0.0 2018 10 12 13 30 10.83 -Inf   1
5661  31.048401  110.459396     9.360   -20468.0     9545.2     3212.5      0.0      0.0      0.0 2018 10 13 21 30 27.16 -Inf   1
4904  30.883301  110.813400     4.230    13529.5    -8688.5    -1815.1      0.0      0.0      0.0 2018 10 14  4 43 55.19 -Inf   1
4970  30.827000  111.235199     9.450    53861.4   -14930.5     3404.9      0.0      0.0      0.0 2018 10 15  6 49 33.80 -Inf   1
5744  30.823999  111.237801     8.750    53931.8   -15334.0     2602.5      0.0      0.0      0.0 2018 10 15  6 57  7.64 -Inf   1
5819  31.039301  110.459702     5.380   -20439.8     8536.3     -767.5      0.0      0.0      0.0 2018 10 16 17 27 22.60 -Inf   1
5036  31.046499  110.453300     6.850   -20871.7     9405.2      804.9      0.0      0.0      0.0 2018 10 16 17 54 42.08 -Inf   1
5834  31.088600  109.876999    14.000   -76070.7    14002.0     7852.5      0.0      0.0      0.0 2018 10 17  4 26 55.04 -Inf   1
6025  31.293400  110.835602     2.000    15439.7    36707.9    -4147.5      0.0      0.0      0.0 2018 10 24  3 25 30.03 -Inf   1
6043  31.046101  110.447502     1.920   -21604.2     9290.1    -4227.5      0.0      0.0      0.0 2018 10 24 19 17 39.46 -Inf   1
6046  31.049299  110.450897     5.520   -21279.6     9644.8     -627.5      0.0      0.0      0.0 2018 10 24 22 14 52.44 -Inf   1
5257  30.841600  111.139297     4.800    44688.9   -13311.7    -1245.1      0.0      0.0      0.0 2018 10 28  6 37 24.09 -Inf   1
5259  31.130899  110.024101    10.290   -61833.4    18762.5     4244.9      0.0      0.0      0.0 2018 10 28 22 52 58.40 -Inf   1
6337  30.864799  111.111198     7.200    42873.3   -11215.6     1397.3      0.0      0.0      0.0 2018 10 29  7 55 35.68 -Inf   1
6111  31.037600  110.447304     3.460   -21624.0     8347.6    -2687.5      0.0      0.0      0.0 2018 10 29 17 20 34.76 -Inf   1
6262  31.082399  110.347603     0.640   -31138.7    13314.5    -5507.5      0.0      0.0      0.0 2018 11  5  6 38 38.64 -Inf   1
6273  31.088100  110.111298     6.740   -53700.1    13946.6      592.5      0.0      0.0      0.0 2018 11  5 21  8 52.08 -Inf   1
6319  31.041700  110.462898     6.860   -20134.3     8802.3      712.5      0.0      0.0      0.0 2018 11  7 16 55  3.85 -Inf   1
6597  31.042700  110.480904     9.290   -17359.6     8508.0     3487.3      0.0      0.0      0.0 2018 11  9 20 25 39.44 -Inf   1
6381  30.883600  110.508499     8.180   -15792.2    -8726.1     2032.5      0.0      0.0      0.0 2018 11 10 16  1 58.08 -Inf   1
6416  31.083500  110.432800     5.180   -23003.7    13436.6     -967.5      0.0      0.0      0.0 2018 11 11 16 25 34.19 -Inf   1
6662  31.041700  110.459198     7.720   -19432.6     8397.2     1917.3      0.0      0.0      0.0 2018 11 11 17 45  0.16 -Inf   1
6679  30.781601  110.763603    10.270     9651.3   -20439.8     4467.3      0.0      0.0      0.0 2018 11 12  8 33 54.05 -Inf   1
5596  31.078501  110.336197     4.520   -32049.8    12953.1    -1525.1      0.0      0.0      0.0 2018 11 18 13 46 39.00 -Inf   1
7020  30.888500  111.144699     6.910    46069.9    -8588.0     1107.3      0.0      0.0      0.0 2018 11 27 18  4 43.62 -Inf   1
7052  30.880600  111.147400     7.410    46330.0    -9463.9     1607.3      0.0      0.0      0.0 2018 11 28 13 59 54.14 -Inf   1
7074  31.261000  110.887398     1.000    21436.4    32710.7    -4802.7      0.0      0.0      0.0 2018 11 29  6 49 54.62 -Inf   1
6801  31.075701  110.283699     4.330   -37241.7    12571.9    -1817.5      0.0      0.0      0.0 2018 11 29 17 28 53.76 -Inf   1
7094  31.024900  110.455299     5.500   -19806.7     6534.6     -302.7      0.0      0.0      0.0 2018 11 29 23 17 36.70 -Inf   1
7138  30.886101  111.036201     5.120    35700.5    -8854.0     -682.7      0.0      0.0      0.0 2018 12  1 14 58 24.02 -Inf   1
5908  30.847900  110.554703     8.520   -11199.2   -12613.3     2474.9      0.0      0.0      0.0 2018 12  2 19 44  7.96 -Inf   1
6904  30.918100  110.782700     8.490    10414.3    -4901.1     2342.5      0.0      0.0      0.0 2018 12  3 17  4 36.66 -Inf   1
5973  30.886000  111.137604     6.610    44516.8    -8389.2      564.9      0.0      0.0      0.0 2018 12  7 17 12 52.36 -Inf   1
7266  31.075899  110.191803     4.530   -44961.1    12188.8    -1272.7      0.0      0.0      0.0 2018 12  7 23 33 25.84 -Inf   1
7270  30.920500  110.013298    13.300   -62055.5    -5040.2     7497.3      0.0      0.0      0.0 2018 12  8  3 44 47.26 -Inf   1
6031  30.853001  110.939301     4.490    25567.3   -12047.8    -1555.1      0.0      0.0      0.0 2018 12 10  7 14 41.69 -Inf   1
6060  31.023500  110.455101     5.850   -20702.2     6855.3     -195.1      0.0      0.0      0.0 2018 12 11  9  7 39.41 -Inf   1
7473  30.799801  110.921700     4.950    24767.7   -18422.0     -852.7      0.0      0.0      0.0 2018 12 15  9 25 59.32 -Inf   1
7482  31.031000  110.436798     4.920   -21573.0     7210.9     -882.7      0.0      0.0      0.0 2018 12 15 14 41 58.28 -Inf   1
7510  31.151100  110.310303     4.190   -33633.1    20526.2    -1612.7      0.0      0.0      0.0 2018 12 16 16 33 57.55 -Inf   1
7613  30.929701  110.766800     6.310     9949.4    -4020.1      507.3      0.0      0.0      0.0 2018 12 20 17  6 43.32 -Inf   1
7667  31.156500  110.301201     1.000   -34500.9    21124.9    -4802.7      0.0      0.0      0.0 2018 12 22 23 49  5.84 -Inf   1
7681  31.071501  110.243202     5.160   -40054.2    11701.1     -642.7      0.0      0.0      0.0 2018 12 23 18 12 10.80 -Inf   1
7714  30.888100  111.029701     5.590    35078.9    -8632.4     -212.7      0.0      0.0      0.0 2018 12 24 22 39 48.04 -Inf   1
7769  30.813000  111.241096     7.040    55304.9   -16958.6     1237.3      0.0      0.0      0.0 2018 12 27  6 54 32.31 -Inf   1
7772  30.984400  110.073097    10.990   -56322.3     2044.3     5187.3      0.0      0.0      0.0 2018 12 27  7 52  1.74 -Inf   1
7452  31.147800  109.859596     7.500   -77708.4    20565.5     1352.5      0.0      0.0      0.0 2018 12 29  4 50 23.19 -Inf   1
7473  31.149300  109.851501    10.000   -78480.4    20731.7     3852.5      0.0      0.0      0.0 2018 12 30  3 55 56.59 -Inf   1
7854  30.885000  111.024597     5.500    34591.6    -8976.0     -302.7      0.0      0.0      0.0 2018 12 30 19 44 12.40 -Inf   1
7878  30.880199  111.135597     8.600    45201.9    -9508.3     2797.3      0.0      0.0      0.0 2018 12 31 19 30 43.60 -Inf   1
