45  30.783100  110.750298    11.210     7322.9   -19868.4     5062.5      0.0      0.0      0.0 2018  1  2  7  6 39.84 -Inf   1
44  30.989799  110.774902     1.000    10720.3     2643.0    -4802.7      0.0      0.0      0.0 2018  1  2 14 17 45.89 -Inf   1
55  30.938700  110.770500     9.390     9844.6    -2804.0     3413.5      0.0      0.0      0.0 2018  1  2 18  6 53.68 -Inf   1
69  30.935499  110.768402     9.180     9047.2    -2972.1     3032.5      0.0      0.0      0.0 2018  1  2 20  0 51.50 -Inf   1
89  30.929399  111.179398     3.780    49375.8    -4053.5    -2022.7      0.0      0.0      0.0 2018  1  3 11 20 30.49 -Inf   1
90  30.931601  110.786697    10.400    11850.6    -3809.5     4597.3      0.0      0.0      0.0 2018  1  3 12 42  5.55 -Inf   1
108  31.052299  110.455101     4.110   -20877.8     9977.4    -2037.5      0.0      0.0      0.0 2018  1  3 18 59  5.52 -Inf   1
131  31.065001  110.197701     6.930   -44858.7    11198.8      953.5      0.0      0.0      0.0 2018  1  6 14 43 51.16 -Inf   1
167  31.059000  110.452797     3.540   -20042.1    10315.2    -2262.7      0.0      0.0      0.0 2018  1  6 23 35 44.32 -Inf   1
209  30.936701  110.766701    12.140     9481.7    -3025.7     6163.5      0.0      0.0      0.0 2018  1  9 17 23 18.72 -Inf   1
221  30.852699  110.574097    11.890    -8926.3   -12338.8     5913.5      0.0      0.0      0.0 2018  1 10 21 22 16.08 -Inf   1
278  31.042801  110.463501     4.980   -20076.6     8924.3    -1167.5      0.0      0.0      0.0 2018  1 11  6 40 56.98 -Inf   1
243  30.927000  110.756599     9.620     8516.9    -4101.2     3643.5      0.0      0.0      0.0 2018  1 11 17 20  3.64 -Inf   1
347  31.287001  110.870499     2.000    19821.6    35593.4    -3802.7      0.0      0.0      0.0 2018  1 14  4 54 22.79 -Inf   1
392  30.938499  110.774597    16.290     9639.0    -2639.5    10142.5      0.0      0.0      0.0 2018  1 14 14 56 37.01 -Inf   1
380  30.936199  110.793198    11.810    12013.6    -3081.3     5833.5      0.0      0.0      0.0 2018  1 16 18 14 16.20 -Inf   1
448  31.088699  110.191200     1.450   -46070.9    14013.0    -4697.5      0.0      0.0      0.0 2018  1 16 22 51 29.12 -Inf   1
476  31.044701  110.445702    10.690   -20721.2     8729.8     4887.3      0.0      0.0      0.0 2018  1 18 19 17 34.34 -Inf   1
498  30.771099  111.208504     4.310    51742.0   -21385.7    -1666.5      0.0      0.0      0.0 2018  1 21  7  1  8.25 -Inf   1
633  30.933701  110.767197     9.470     8932.1    -3171.5     3322.5      0.0      0.0      0.0 2018  1 23  9 57  6.06 -Inf   1
592  31.032200  110.460098     5.080   -19805.6     7562.2     -896.5      0.0      0.0      0.0 2018  1 24 17 59 10.40 -Inf   1
620  30.859400  110.767097    10.290     9523.4   -11595.9     4313.5      0.0      0.0      0.0 2018  1 26  6 21  2.64 -Inf   1
693  31.143900  110.388000     1.000   -26218.1    19727.9    -4802.7      0.0      0.0      0.0 2018  1 26  8  9 59.24 -Inf   1
720  31.136900  110.354301     4.240   -30490.5    19357.0    -1907.5      0.0      0.0      0.0 2018  1 26  8 23  9.55 -Inf   1
753  31.027901  110.445000     6.450   -21845.2     7272.3      302.5      0.0      0.0      0.0 2018  1 27  8 16 23.11 -Inf   1
764  30.857901  110.447899     1.000   -20531.2   -11980.5    -4802.7      0.0      0.0      0.0 2018  1 29 20 33 43.92 -Inf   1
678  30.818800  110.687798    10.520     1943.3   -16097.2     4543.5      0.0      0.0      0.0 2018  1 30  0 23 56.72 -Inf   1
826  30.789801  110.765297    11.240     8757.0   -19125.6     5092.5      0.0      0.0      0.0 2018  2  1 22 37 43.44 -Inf   1
847  31.026800  110.326302     7.150   -33182.2     7150.3     1002.5      0.0      0.0      0.0 2018  2  2 14 26 53.74 -Inf   1
912  31.032900  110.447098     1.840   -21644.2     7826.6    -4307.5      0.0      0.0      0.0 2018  2 10 18 45  2.42 -Inf   1
967  31.028700  110.455902    10.510   -20803.8     7360.9     4362.5      0.0      0.0      0.0 2018  2 15 21 18 38.72 -Inf   1
1086  31.184799  110.541397     3.620   -12628.0    24667.5    -2527.5      0.0      0.0      0.0 2018  2 25 19  1 51.92 -Inf   1
1064  31.173599  110.335800     1.000   -31195.8    23020.7    -4802.7      0.0      0.0      0.0 2018  2 26 17 52  6.28 -Inf   1
1099  30.934200  110.764000    10.710     9681.6    -3521.2     4907.3      0.0      0.0      0.0 2018  2 27 16 53  8.91 -Inf   1
977  30.971600  110.470001     2.030   -18865.7      843.5    -3946.5      0.0      0.0      0.0 2018  2 28  0 18 15.92 -Inf   1
1145  31.022200  110.183899     6.070   -45728.6     6235.2      267.3      0.0      0.0      0.0 2018  2 28 18 12  4.04 -Inf   1
1194  30.965300  110.475403     6.220   -18947.6      331.8       72.5      0.0      0.0      0.0 2018  2 28 22 23 42.32 -Inf   1
1176  30.956499  110.473801     5.360   -18046.0    -1049.0     -442.7      0.0      0.0      0.0 2018  3  1 18 59 52.16 -Inf   1
1255  31.141600  110.208000     1.000   -43399.7    19472.9    -4802.7      0.0      0.0      0.0 2018  3  2 19 46 50.26 -Inf   1
1267  31.122000  110.300797     1.000   -34545.7    17299.9    -4802.7      0.0      0.0      0.0 2018  3  3 11 14  1.41 -Inf   1
1117  30.937500  110.768600    10.610     9663.1    -2937.1     4633.5      0.0      0.0      0.0 2018  3  4 16 36 42.05 -Inf   1
1329  31.216101  110.925797     4.940    25105.2    27732.8     -862.7      0.0      0.0      0.0 2018  3  6  0 12 23.46 -Inf   1
1142  30.932699  110.791100     8.130    11813.3    -3469.3     2153.5      0.0      0.0      0.0 2018  3  7  4 11 39.55 -Inf   1
1257  31.075800  110.180801     4.690   -46469.8    12396.1    -1286.5      0.0      0.0      0.0 2018  3 12 18 57 37.92 -Inf   1
1536  31.054501  110.428802     9.020   -23389.0    10221.4     2872.5      0.0      0.0      0.0 2018  3 13  9 11 20.01 -Inf   1
1525  31.000500  110.441704     1.000   -21107.8     3829.3    -4802.7      0.0      0.0      0.0 2018  3 15 13  0  3.06 -Inf   1
1310  31.223400  110.055496     3.890   -58389.7    28760.4    -2086.5      0.0      0.0      0.0 2018  3 16  4 46 56.36 -Inf   1
1338  30.702801  111.164597    12.000    47559.6   -28957.9     6023.5      0.0      0.0      0.0 2018  3 17  4  6  0.43 -Inf   1
1642  30.930300  111.170700     1.000    48544.5    -3953.7    -4802.7      0.0      0.0      0.0 2018  3 21 15 16 16.96 -Inf   1
1721  30.883600  111.014999     5.230    33674.5    -9131.2     -572.7      0.0      0.0      0.0 2018  3 25  1 25 12.98 -Inf   1
1880  31.157301  110.341797     3.580   -31680.7    21618.8    -2567.5      0.0      0.0      0.0 2018  3 30 14 15 28.75 -Inf   1
1858  31.026199  110.451401     6.380   -20178.9     6678.6      577.3      0.0      0.0      0.0 2018  3 30 15 46 18.52 -Inf   1
1904  31.159000  110.287201     2.130   -36891.3    21807.2    -4017.5      0.0      0.0      0.0 2018  3 31 21 11  6.52 -Inf   1
1946  30.985701  110.043800     8.740   -60176.7     2593.7     2592.5      0.0      0.0      0.0 2018  4  2  5 34 21.62 -Inf   1
1940  31.164301  110.331703     1.740   -31588.3    21989.8    -4062.7      0.0      0.0      0.0 2018  4  2 14 55 43.34 -Inf   1
1797  30.933800  110.769302     9.730     9730.4    -3347.3     3753.5      0.0      0.0      0.0 2018  4  9 20 44 22.54 -Inf   1
2113  31.036200  110.440201     8.040   -22302.6     8192.4     1892.5      0.0      0.0      0.0 2018  4 10  9  9 47.60 -Inf   1
1830  30.932600  110.768501     9.210     9653.9    -3480.3     3233.5      0.0      0.0      0.0 2018  4 10 17 51 18.88 -Inf   1
1845  30.933399  110.765701     9.540     9386.3    -3391.7     3563.5      0.0      0.0      0.0 2018  4 10 20  0 44.80 -Inf   1
1895  30.857401  110.947098     0.960    26730.3   -11817.6    -5016.5      0.0      0.0      0.0 2018  4 13  8 50  4.09 -Inf   1
2207  30.937799  111.202202     2.920    50498.4    -2717.1    -3227.5      0.0      0.0      0.0 2018  4 13 15 49 22.20 -Inf   1
2227  30.792101  110.897102     1.040    22416.6   -19275.7    -4762.7      0.0      0.0      0.0 2018  4 15  6 57 17.31 -Inf   1
2275  30.959999  109.972702    12.000   -65921.4     -661.0     6197.3      0.0      0.0      0.0 2018  4 18  3 31  2.47 -Inf   1
1986  30.742300  111.113297     2.010    42643.1   -24578.7    -3966.5      0.0      0.0      0.0 2018  4 19  4  5 43.05 -Inf   1
2324  31.042000  110.418404     7.750   -23328.5     8430.4     1947.3      0.0      0.0      0.0 2018  4 20 15 56  8.95 -Inf   1
2328  31.010599  110.812103    12.150    13217.9     5354.1     6002.5      0.0      0.0      0.0 2018  4 21 16 22 31.30 -Inf   1
2060  30.806000  110.917397     5.110    23897.4   -17516.3     -866.5      0.0      0.0      0.0 2018  4 26  9  5 22.88 -Inf   1
2147  30.940001  111.180496    11.560    49020.6    -2659.8     5583.5      0.0      0.0      0.0 2018  5  1 15 17 53.74 -Inf   1
2231  30.862101  110.825104     3.000    15068.1   -11296.5    -2976.5      0.0      0.0      0.0 2018  5  7  2 29 23.82 -Inf   1
2641  30.729601  110.806198     8.310    13728.4   -26205.0     2507.3      0.0      0.0      0.0 2018  5  9  4 50 46.27 -Inf   1
2281  30.759701  111.185799     4.720    49573.5   -22649.5    -1256.5      0.0      0.0      0.0 2018  5  9  9 46 36.44 -Inf   1
2357  30.914600  110.781403     7.250    10887.7    -5475.9     1273.5      0.0      0.0      0.0 2018  5 13 23 28 48.72 -Inf   1
2750  30.886400  111.052002     6.000    37210.6    -8820.8      197.3      0.0      0.0      0.0 2018  5 14  3 50 18.69 -Inf   1
2784  30.893400  111.037498     4.630    35823.1    -8044.7    -1172.7      0.0      0.0      0.0 2018  5 16  1 32 56.24 -Inf   1
2410  31.221701  110.320396     3.580   -33115.4    28572.0    -2396.5      0.0      0.0      0.0 2018  5 16  8  1 36.90 -Inf   1
2814  30.938101  110.762604    10.400     9548.0    -3088.8     4597.3      0.0      0.0      0.0 2018  5 17 10 15 26.43 -Inf   1
2830  30.936001  110.766502     9.200     9920.7    -3321.6     3397.3      0.0      0.0      0.0 2018  5 17 11 51 18.35 -Inf   1
2458  30.930599  110.755302    12.990     8392.8    -3702.1     7013.5      0.0      0.0      0.0 2018  5 17 20 36 39.28 -Inf   1
2869  30.930700  110.761200     9.670     9414.3    -3909.3     3867.3      0.0      0.0      0.0 2018  5 18  7 46 38.64 -Inf   1
2920  31.064600  110.250801     3.290   -39330.0    10936.0    -2512.7      0.0      0.0      0.0 2018  5 19 13 53 19.49 -Inf   1
2530  30.852699  111.140404     5.490    45210.1   -12338.8     -486.5      0.0      0.0      0.0 2018  5 19 23  1 15.82 -Inf   1
2980  30.850100  111.139297     5.730    45562.7   -12845.4      -72.7      0.0      0.0      0.0 2018  5 21  9 10 40.44 -Inf   1
2954  31.045700  110.457397     1.710   -20659.2     9245.7    -4437.5      0.0      0.0      0.0 2018  5 22 13 51 29.22 -Inf   1
3047  31.039499  110.446098     4.800   -20683.9     8153.1    -1002.7      0.0      0.0      0.0 2018  5 25 14  0 26.19 -Inf   1
2660  30.993000  110.000397     8.000   -63723.1     3216.2     2023.5      0.0      0.0      0.0 2018  5 27  2 59 18.63 -Inf   1
2705  30.709600  110.902100    12.210    22445.9   -28204.0     6233.5      0.0      0.0      0.0 2018  5 29 11 31 35.39 -Inf   1
3145  30.847300  111.138397     4.720    45477.3   -13155.8    -1082.7      0.0      0.0      0.0 2018  5 30  2 36 13.74 -Inf   1
3202  30.688801  110.934303    10.010    25987.8   -30728.4     4207.3      0.0      0.0      0.0 2018  6  1 21 33 24.50 -Inf   1
3163  30.695999  110.935997     9.890    25092.8   -29525.2     3742.5      0.0      0.0      0.0 2018  6  2  8 53 55.33 -Inf   1
2791  30.691799  110.927498     8.950    24877.9   -30177.6     2973.5      0.0      0.0      0.0 2018  6  2 16 21 57.75 -Inf   1
2796  30.688101  110.934097     9.710    25509.8   -30587.7     3733.5      0.0      0.0      0.0 2018  6  2 23  1  0.12 -Inf   1
3235  30.753799  111.102303     1.000    42047.1   -23522.1    -4802.7      0.0      0.0      0.0 2018  6  3  1 58 26.09 -Inf   1
3249  30.759199  110.899696     6.350    22668.5   -22923.4      547.3      0.0      0.0      0.0 2018  6  3  9 29 23.25 -Inf   1
3204  31.177700  110.338097     8.010   -32030.5    23880.4     1862.5      0.0      0.0      0.0 2018  6  3 20 55  9.38 -Inf   1
3294  31.236200  110.326401     1.000   -32082.4    29961.2    -4802.7      0.0      0.0      0.0 2018  6  5  8  0 38.92 -Inf   1
2928  31.140499  110.810600     6.950    13662.0    19569.2      973.5      0.0      0.0      0.0 2018  6  9  3 43 15.41 -Inf   1
3433  31.103201  110.046204     8.000   -58855.1    15215.7     2197.3      0.0      0.0      0.0 2018  6 11  3 40 23.64 -Inf   1
3432  30.872499  110.900703     1.870    21696.3    -9956.8    -4277.5      0.0      0.0      0.0 2018  6 12  3 31 48.43 -Inf   1
3435  30.770599  111.179901    10.000    48409.4   -21254.4     3852.5      0.0      0.0      0.0 2018  6 12  5 22 54.97 -Inf   1
3510  30.853300  111.135300     6.560    45179.8   -12490.6      757.3      0.0      0.0      0.0 2018  6 12  8 34 51.41 -Inf   1
3562  30.808399  111.254898     5.780    56625.9   -17468.7      -22.7      0.0      0.0      0.0 2018  6 15  8 41 29.80 -Inf   1
3498  30.856300  110.945297     1.330    25961.1   -11752.8    -4817.5      0.0      0.0      0.0 2018  6 15 10  6 32.17 -Inf   1
3518  30.928301  110.309402    12.880   -34814.0    -3770.2     6732.5      0.0      0.0      0.0 2018  6 16  5 55 37.33 -Inf   1
3541  30.855400  111.252602     9.460    55338.0   -11852.6     3312.5      0.0      0.0      0.0 2018  6 17  1 29 44.58 -Inf   1
3611  31.158199  110.814499     8.070    14490.2    21313.3     2267.3      0.0      0.0      0.0 2018  6 17  3 29  5.15 -Inf   1
3130  30.858000  111.239899     5.470    54719.9   -11751.2     -506.5      0.0      0.0      0.0 2018  6 18  1 53  4.13 -Inf   1
3644  30.849001  111.142097     7.240    45830.6   -12967.2     1437.3      0.0      0.0      0.0 2018  6 18 23 10  2.48 -Inf   1
3169  31.067400  110.221901     4.210   -42547.2    11464.8    -1766.5      0.0      0.0      0.0 2018  6 20 14 58 21.71 -Inf   1
3678  30.773001  111.130402     7.830    44730.1   -21393.3     2027.3      0.0      0.0      0.0 2018  6 21  3  4 53.79 -Inf   1
3178  31.005501  110.130600     9.080   -51282.0     4602.1     3103.5      0.0      0.0      0.0 2018  6 21  4 33  9.91 -Inf   1
3212  31.145300  110.053200     6.000   -58632.6    20101.5       23.5      0.0      0.0      0.0 2018  6 23 10 45  1.82 -Inf   1
3732  31.128799  110.043900     1.000   -59067.2    18053.8    -4802.7      0.0      0.0      0.0 2018  6 24  9 41  6.75 -Inf   1
3659  31.156300  110.310402     3.300   -34677.4    21507.8    -2847.5      0.0      0.0      0.0 2018  6 24 21 40 37.84 -Inf   1
3250  30.841101  111.259804     4.140    56627.6   -13624.7    -1836.5      0.0      0.0      0.0 2018  6 26  8 54 40.48 -Inf   1
3766  30.980200  110.791000     1.000    12258.7     1578.7    -4802.7      0.0      0.0      0.0 2018  6 26  9 47 53.50 -Inf   1
3269  30.856800  111.138802     6.670    45056.0   -11884.2      693.5      0.0      0.0      0.0 2018  6 27 22 17 48.40 -Inf   1
3784  30.879801  111.159103     5.320    47448.8    -9552.5     -482.7      0.0      0.0      0.0 2018  6 28  2 18 10.55 -Inf   1
3725  30.853701  111.138199     6.330    44402.0   -12041.0      182.5      0.0      0.0      0.0 2018  6 29  9 35 30.46 -Inf   1
3848  30.845301  111.249199    10.580    56070.2   -13377.4     4777.3      0.0      0.0      0.0 2018  7  2  7 46 23.35 -Inf   1
3858  31.165300  110.377197     1.840   -27246.2    22100.6    -3962.7      0.0      0.0      0.0 2018  7  3  7 20 55.42 -Inf   1
3869  30.930300  110.766701    10.880     9939.9    -3953.7     5077.3      0.0      0.0      0.0 2018  7  4 10 25 42.58 -Inf   1
3810  30.929001  110.757004    10.210     7958.3    -3692.6     4062.5      0.0      0.0      0.0 2018  7  4 19 54 32.04 -Inf   1
3396  31.123301  110.071602    10.000   -56882.6    17662.4     4023.5      0.0      0.0      0.0 2018  7  5 23  9 23.04 -Inf   1
3409  30.774599  110.996201     8.650    31437.6   -20997.7     2673.5      0.0      0.0      0.0 2018  7  7  8 53  1.40 -Inf   1
3413  31.021500  110.462303     2.020   -19596.1     6375.9    -3956.5      0.0      0.0      0.0 2018  7  7 16 16 42.46 -Inf   1
3911  30.809299  110.962997     3.160    27659.8   -16963.7    -2987.5      0.0      0.0      0.0 2018  7 13  9 25 29.85 -Inf   1
3468  31.037800  110.429100    11.650   -22765.5     8183.1     5673.5      0.0      0.0      0.0 2018  7 13 15 50 39.81 -Inf   1
3501  31.026100  110.514198     7.550   -14639.1     6885.9     1573.5      0.0      0.0      0.0 2018  7 16  4 41 51.86 -Inf   1
4148  31.177999  110.365196     1.000   -28389.7    23508.5    -4802.7      0.0      0.0      0.0 2018  7 22 11 42  2.22 -Inf   1
4155  31.040800  110.450401     8.990   -20272.8     8297.4     3187.3      0.0      0.0      0.0 2018  7 23  0  6 57.34 -Inf   1
4102  30.956301  110.533401     3.860   -13407.0     -665.9    -2287.5      0.0      0.0      0.0 2018  7 24 10 32 31.83 -Inf   1
4199  31.211000  110.320999    10.000   -32602.0    27167.3     4197.3      0.0      0.0      0.0 2018  7 25 11 21 10.10 -Inf   1
4235  31.271500  110.816498     1.000    14672.3    33874.8    -4802.7      0.0      0.0      0.0 2018  7 29  2 46  7.14 -Inf   1
4170  30.951700  110.475899     8.090   -18901.5    -1175.9     1942.5      0.0      0.0      0.0 2018  8  1  9 36 45.06 -Inf   1
4178  31.138100  110.044403     2.000   -60071.6    19490.0    -4147.5      0.0      0.0      0.0 2018  8  2  3  3 18.72 -Inf   1
3691  31.075399  110.198799     2.560   -44751.3    12351.7    -3416.5      0.0      0.0      0.0 2018  8  4 14  9 37.34 -Inf   1
4242  30.997101  110.721497     7.400     4563.6     3857.6     1252.5      0.0      0.0      0.0 2018  8  8  6 14 37.42 -Inf   1
3802  30.727900  110.901802     4.620    22415.3   -26175.2    -1356.5      0.0      0.0      0.0 2018  8 18  8 16 52.96 -Inf   1
4461  30.789301  111.000298     1.000    32285.0   -19586.1    -4802.7      0.0      0.0      0.0 2018  8 20  3 32  2.96 -Inf   1
4465  30.869301  110.947197     1.730    27196.0   -10716.6    -4072.7      0.0      0.0      0.0 2018  8 20  8 15 11.75 -Inf   1
3826  30.876400  110.903503     3.580    22560.7    -9711.2    -2396.5      0.0      0.0      0.0 2018  8 20 10  7  0.08 -Inf   1
3834  30.916901  110.900497     4.970    22268.7    -5220.9    -1006.5      0.0      0.0      0.0 2018  8 21  9  4 42.19 -Inf   1
4398  31.201599  110.086998     0.890   -55987.2    26530.1    -5257.5      0.0      0.0      0.0 2018  8 23  5  8 39.96 -Inf   1
4522  31.053400  110.438202     2.050   -21436.5     9694.3    -3752.7      0.0      0.0      0.0 2018  8 25 22 11  6.54 -Inf   1
3914  31.317301  110.847702     4.000    17187.6    39171.0    -1976.5      0.0      0.0      0.0 2018  8 30  3 36 51.45 -Inf   1
3963  31.166599  110.316002     5.970   -33544.3    22462.9       -6.5      0.0      0.0      0.0 2018  9  3 16 39 17.42 -Inf   1
4606  31.024099  110.505203     6.160   -16095.5     6850.9       12.5      0.0      0.0      0.0 2018  9  9 13 59 54.44 -Inf   1
4038  31.044399  110.453697     1.620   -20415.6     8914.7    -4356.5      0.0      0.0      0.0 2018  9  9 15 54 11.31 -Inf   1
4078  31.074301  109.841301    20.000   -78887.6    12229.9    14023.5      0.0      0.0      0.0 2018  9 12  3 46 45.41 -Inf   1
4701  30.874201  111.147400     6.160    45276.8    -9768.2       12.5      0.0      0.0      0.0 2018  9 13 22  4 18.46 -Inf   1
4890  30.936199  110.370102     8.040   -27956.7    -3299.6     2237.3      0.0      0.0      0.0 2018  9 16  2 47 25.66 -Inf   1
4893  30.997999  110.451401     9.860   -20181.8     3552.1     4057.3      0.0      0.0      0.0 2018  9 16  4  8 53.69 -Inf   1
4897  30.965500  110.377403     7.540   -27254.9      -51.1     1737.3      0.0      0.0      0.0 2018  9 16  4 29  3.80 -Inf   1
4878  31.066299  110.201599     5.630   -45083.3    11529.6     -517.5      0.0      0.0      0.0 2018  9 21 17  8 30.64 -Inf   1
4299  30.766701  111.178596     2.080    48882.9   -21873.4    -3896.5      0.0      0.0      0.0 2018  9 22 10  3 45.52 -Inf   1
5092  30.727800  111.194603     6.000    50881.8   -26404.6      197.3      0.0      0.0      0.0 2018  9 24  4 48 40.88 -Inf   1
5214  31.100901  109.906601    16.890   -72183.9    14960.7    11087.2      0.0      0.0      0.0 2018  9 28 10 29  8.68 -Inf   1
4445  30.858000  111.148697     7.130    46001.6   -11751.2     1153.5      0.0      0.0      0.0 2018  9 30  2 47 12.26 -Inf   1
4448  31.077299  110.451500     1.590   -20622.0    12562.3    -4386.5      0.0      0.0      0.0 2018  9 30  4 17 23.75 -Inf   1
5097  30.924000  110.776001    10.620     9773.9    -4247.0     4472.5      0.0      0.0      0.0 2018 10  1 17 14 10.88 -Inf   1
4480  31.035101  109.795097     6.000   -83316.3     7883.8       23.5      0.0      0.0      0.0 2018 10  2  3 41 31.96 -Inf   1
5137  31.049999  110.197800     5.960   -45450.0     9722.4     -187.5      0.0      0.0      0.0 2018 10  3 23 28 47.72 -Inf   1
5357  31.207100  110.050301    14.870   -58432.4    26734.9     9067.3      0.0      0.0      0.0 2018 10  7  7 20  3.30 -Inf   1
5186  30.744400  111.110298     4.210    41758.4   -24159.1    -1937.5      0.0      0.0      0.0 2018 10  8  2  3 49.94 -Inf   1
4582  31.123100  109.903999    11.040   -72882.3    17640.2     5063.5      0.0      0.0      0.0 2018 10  9  7  2 47.63 -Inf   1
5220  31.155899  110.345802     6.450   -31298.7    21463.4      302.5      0.0      0.0      0.0 2018 10  9  9 27 34.83 -Inf   1
5247  31.095699  109.930199    16.040   -70988.6    14789.1     9892.5      0.0      0.0      0.0 2018 10 11  4 49 30.59 -Inf   1
4659  31.081100  109.990501     4.640   -64638.8    12983.8    -1336.5      0.0      0.0      0.0 2018 10 11  9 29 15.04 -Inf   1
4689  31.051399  110.449203    11.000   -20844.0     9690.8     5023.5      0.0      0.0      0.0 2018 10 11 10 56 54.09 -Inf   1
4746  31.043501  110.445297     5.860   -21217.9     8815.1     -116.5      0.0      0.0      0.0 2018 10 11 18 31 44.64 -Inf   1
5457  31.049299  110.440300     6.320   -22291.6     9644.8      172.5      0.0      0.0      0.0 2018 10 11 20 27 43.62 -Inf   1
5684  30.854099  111.131401     6.400    44806.9   -12402.0      597.3      0.0      0.0      0.0 2018 10 11 23  3 51.64 -Inf   1
5714  31.047001  110.452698     1.020   -20052.8     8984.8    -4782.7      0.0      0.0      0.0 2018 10 12  5  2 30.07 -Inf   1
5765  31.050900  110.447304     7.360   -20567.5     9417.1     1557.3      0.0      0.0      0.0 2018 10 12 16  0 16.39 -Inf   1
5574  31.029100  110.462898     4.800   -20135.6     7405.3    -1347.5      0.0      0.0      0.0 2018 10 12 16 14 43.83 -Inf   1
4947  30.839300  111.252502    13.900    55930.1   -13824.4     7923.5      0.0      0.0      0.0 2018 10 13  1 39 31.71 -Inf   1
5806  31.026899  110.459900     1.000   -19367.1     6756.2    -4802.7      0.0      0.0      0.0 2018 10 13  4 47  0.34 -Inf   1
5826  30.964500  110.005997    11.900   -62738.9     -161.9     6097.3      0.0      0.0      0.0 2018 10 13 10  0  7.33 -Inf   1
5683  31.111200  109.941803    18.800   -69875.1    16507.7    12652.5      0.0      0.0      0.0 2018 10 14  5 26  9.49 -Inf   1
5044  31.039600  110.444397     4.820   -21304.3     8382.7    -1156.5      0.0      0.0      0.0 2018 10 14 13  3 33.89 -Inf   1
5048  31.041100  110.439903     5.370   -21733.3     8548.9     -606.5      0.0      0.0      0.0 2018 10 14 16 19 47.30 -Inf   1
5069  30.730101  111.109802     8.310    42311.5   -25931.2     2333.5      0.0      0.0      0.0 2018 10 15  2 29 41.06 -Inf   1
5768  31.043600  110.454597     1.740   -20926.8     9012.9    -4407.5      0.0      0.0      0.0 2018 10 15 12 55 38.63 -Inf   1
5785  31.039600  110.451500     5.160   -21223.1     8569.5     -987.5      0.0      0.0      0.0 2018 10 15 19  4 25.66 -Inf   1
5790  31.052401  110.469299     1.000   -19521.9     9988.6    -5147.5      0.0      0.0      0.0 2018 10 15 21 52 35.44 -Inf   1
5124  31.046301  110.451202     5.560   -20653.7     9125.6     -416.5      0.0      0.0      0.0 2018 10 15 22 24 41.50 -Inf   1
5824  30.874901  110.447899     9.590   -21585.4    -9690.6     3442.5      0.0      0.0      0.0 2018 10 16 19 35 15.52 -Inf   1
5827  31.030899  110.452003     5.810   -21175.9     7604.8     -337.5      0.0      0.0      0.0 2018 10 16 21 11  3.06 -Inf   1
5168  30.967199  110.802902     5.410    12938.8      355.7     -566.5      0.0      0.0      0.0 2018 10 17  5 39 54.35 -Inf   1
5882  31.036900  110.458702     1.710   -20535.5     8270.0    -4437.5      0.0      0.0      0.0 2018 10 19  0 25 37.30 -Inf   1
6100  31.034599  110.465698    12.050   -18812.5     7609.9     6247.3      0.0      0.0      0.0 2018 10 19  1 11 37.94 -Inf   1
5942  31.041901  110.452103     5.130   -21165.3     8824.5    -1017.5      0.0      0.0      0.0 2018 10 20 21 48 46.94 -Inf   1
5283  31.051701  110.442703     4.960   -21464.8     9724.2    -1016.5      0.0      0.0      0.0 2018 10 21  4 24 28.03 -Inf   1
5311  30.841299  111.260902    10.170    56732.6   -13602.8     4193.5      0.0      0.0      0.0 2018 10 22  8 47 55.26 -Inf   1
6011  31.143000  110.311302     2.020   -34593.9    20033.2    -4127.5      0.0      0.0      0.0 2018 10 23 14 50 33.73 -Inf   1
6332  31.083700  110.029404     4.120   -60465.2    13053.7    -1682.7      0.0      0.0      0.0 2018 10 29  6 35  6.32 -Inf   1
5434  31.028999  110.472504     3.550   -18621.1     7207.4    -2426.5      0.0      0.0      0.0 2018 10 29 21 48  9.82 -Inf   1
5469  30.818800  111.262604    12.250    56901.8   -16097.2     6273.5      0.0      0.0      0.0 2018 10 31  7 35 37.16 -Inf   1
6385  30.988501  110.170799     2.100   -46987.9     2499.0    -3702.7      0.0      0.0      0.0 2018 10 31  8 13 20.24 -Inf   1
6161  30.894199  110.829201     7.070    14860.0    -7551.0      922.5      0.0      0.0      0.0 2018 10 31 18 10 29.12 -Inf   1
6449  31.201900  110.345001     4.140   -30313.2    26158.4    -1662.7      0.0      0.0      0.0 2018 11  3  6 26 17.20 -Inf   1
6235  31.152700  110.305901     1.110   -35107.7    21108.7    -5037.5      0.0      0.0      0.0 2018 11  3 20 46 32.16 -Inf   1
6551  31.038700  110.452003     5.010   -20120.0     8064.5     -792.7      0.0      0.0      0.0 2018 11  7 18  0 51.56 -Inf   1
5628  31.092100  110.188904     5.730   -45692.2    14203.3     -246.5      0.0      0.0      0.0 2018 11  8 14 51 40.29 -Inf   1
6621  31.037300  110.454300     1.450   -19900.8     7909.3    -4352.7      0.0      0.0      0.0 2018 11 10 15 20 58.13 -Inf   1
5666  30.880199  110.511597     7.900   -14898.9    -9289.9     1923.5      0.0      0.0      0.0 2018 11 10 18 10 32.76 -Inf   1
6647  30.871000  110.504402     9.890   -15129.0   -10528.2     4087.3      0.0      0.0      0.0 2018 11 11  8 28 31.41 -Inf   1
6656  31.041300  110.435204     8.110   -21724.2     8352.8     2307.3      0.0      0.0      0.0 2018 11 11 13 15 56.42 -Inf   1
6419  30.890400  111.148499     7.670    45378.0    -7972.2     1522.5      0.0      0.0      0.0 2018 11 11 18 37 12.50 -Inf   1
6458  30.890100  111.140198     6.210    44584.7    -8005.4       62.5      0.0      0.0      0.0 2018 11 15 19 25 54.14 -Inf   1
5765  31.161200  110.304298     1.000   -34662.3    21864.3    -4976.5      0.0      0.0      0.0 2018 11 17 16 34 50.63 -Inf   1
6510  31.161800  110.321297     4.300   -33636.6    22117.6    -1847.5      0.0      0.0      0.0 2018 11 18 21 52 46.90 -Inf   1
6830  30.897900  111.141899     7.520    45800.1    -7545.9     1717.3      0.0      0.0      0.0 2018 11 20 20 37  8.44 -Inf   1
6848  31.031700  110.468399     3.930   -18554.9     7288.5    -1872.7      0.0      0.0      0.0 2018 11 21 13 31 10.55 -Inf   1
5892  31.160200  110.304604     1.000   -34633.3    21753.5    -4976.5      0.0      0.0      0.0 2018 11 22 21 56 18.80 -Inf   1
6892  31.081100  110.233498     6.560   -40978.8    12765.4      757.3      0.0      0.0      0.0 2018 11 23  3 22 29.10 -Inf   1
6916  31.021299  111.238197     1.000    54968.3     6135.3    -4802.7      0.0      0.0      0.0 2018 11 24  4  6 44.91 -Inf   1
6933  30.888100  111.136703     8.120    45305.8    -8632.4     2317.3      0.0      0.0      0.0 2018 11 24 18 13 28.52 -Inf   1
6960  31.142300  110.310600     1.000   -33606.3    19550.5    -4802.7      0.0      0.0      0.0 2018 11 25 15 23 11.75 -Inf   1
5968  30.833300  111.248001    10.440    55501.5   -14489.6     4463.5      0.0      0.0      0.0 2018 11 26  7 31  6.75 -Inf   1
6021  31.217600  110.992599    10.000    31021.9    28117.3     4023.5      0.0      0.0      0.0 2018 11 28  5 28 27.52 -Inf   1
6816  31.096300  109.879799    16.000   -75800.4    14855.7     9852.5      0.0      0.0      0.0 2018 11 30  3 39 25.45 -Inf   1
6853  31.041800  110.446899     5.120   -21662.2     8813.3    -1027.5      0.0      0.0      0.0 2018 12  1 16 43 13.33 -Inf   1
6126  31.022699  110.494698    10.400   -16501.9     6508.9     4423.5      0.0      0.0      0.0 2018 12  2 12 25 23.55 -Inf   1
7215  30.876101  111.130997     8.340    44763.2    -9962.7     2537.3      0.0      0.0      0.0 2018 12  4  4 35 11.94 -Inf   1
7009  30.991400  110.161598     7.730   -48922.0     3225.5     1582.5      0.0      0.0      0.0 2018 12  9 17 14 45.16 -Inf   1
7344  30.882601  111.140198     7.600    45641.1    -9242.0     1797.3      0.0      0.0      0.0 2018 12 10 20 14  5.12 -Inf   1
6304  30.699100  110.583397     4.920    -8043.6   -29368.2    -1056.5      0.0      0.0      0.0 2018 12 11 15 31 29.42 -Inf   1
7419  31.196899  110.334297     1.000   -31335.5    25603.9    -4802.7      0.0      0.0      0.0 2018 12 13 13 45 46.57 -Inf   1
7112  30.892700  111.031700     4.860    34214.3    -7717.2    -1287.5      0.0      0.0      0.0 2018 12 13 22 58 55.04 -Inf   1
7447  31.198999  110.334999     1.000   -31268.1    25836.8    -4802.7      0.0      0.0      0.0 2018 12 14 14 37 33.65 -Inf   1
6375  31.159500  110.369698     3.490   -28420.6    21675.8    -2486.5      0.0      0.0      0.0 2018 12 15  6 29 37.46 -Inf   1
7157  31.075800  110.232903     1.300   -42092.0    12582.9    -4847.5      0.0      0.0      0.0 2018 12 15 14  8 27.26 -Inf   1
6389  31.171900  110.317398     3.580   -33410.1    23050.6    -2396.5      0.0      0.0      0.0 2018 12 15 15 24 55.03 -Inf   1
7216  31.144899  110.295601     1.000   -36092.3    20243.8    -5147.5      0.0      0.0      0.0 2018 12 17 18  4 34.40 -Inf   1
7538  31.022900  110.876602    17.900    20431.8     6312.8    12097.2      0.0      0.0      0.0 2018 12 17 23  6 51.16 -Inf   1
7239  30.876499  111.140900     6.460    44654.9    -9513.4      312.5      0.0      0.0      0.0 2018 12 18 18 22 30.76 -Inf   1
7280  30.858200  111.233398    15.210    53501.5   -11542.2     9062.5      0.0      0.0      0.0 2018 12 20  6 38  6.41 -Inf   1
7628  30.848900  111.139801     5.830    45611.1   -12978.4       27.3      0.0      0.0      0.0 2018 12 21  6  2 15.19 -Inf   1
7689  31.146400  110.297401     1.000   -34865.4    20005.2    -4802.7      0.0      0.0      0.0 2018 12 24  0 32 56.91 -Inf   1
7359  31.152201  109.848602    10.000   -78756.0    21053.3     3852.5      0.0      0.0      0.0 2018 12 24  3 21 31.62 -Inf   1
7735  30.836599  111.247597    13.550    55919.6   -14342.2     7747.3      0.0      0.0      0.0 2018 12 25 14 50 47.80 -Inf   1
6662  30.995501  111.246597     4.680    55320.8     3493.4    -1296.5      0.0      0.0      0.0 2018 12 29  4  3 28.89 -Inf   1
7484  31.164000  110.312897     2.910   -34437.9    22361.5    -3237.5      0.0      0.0      0.0 2018 12 30  8 16  5.34 -Inf   1
7850  30.877001  111.145103     7.680    46111.3    -9862.9     1877.3      0.0      0.0      0.0 2018 12 30 12 43 43.64 -Inf   1
6716  30.882700  111.142502     6.860    45403.6    -9012.7      883.5      0.0      0.0      0.0 2018 12 31 16  5 11.10 -Inf   1
6718  30.888500  111.031403     5.310    34783.6    -8369.6     -666.5      0.0      0.0      0.0 2018 12 31 18 13  2.50 -Inf   1
