34  30.864500  110.951103     1.490    27570.1   -11248.8    -4312.7      0.0      0.0      0.0 2018  1  2  5  5  2.28 -Inf   1
297  31.043501  110.458397     3.350   -19966.9     8815.1    -2626.5      0.0      0.0      0.0 2018  1 13 20 54 53.00 -Inf   1
351  31.217501  110.352097     1.000   -29633.8    27888.0    -4802.7      0.0      0.0      0.0 2018  1 14  6 58 53.17 -Inf   1
426  31.148399  110.318497     2.110   -32851.5    20226.8    -3692.7      0.0      0.0      0.0 2018  1 16 18 50 34.48 -Inf   1
417  31.012400  110.492302     9.960   -16731.6     5367.0     3983.5      0.0      0.0      0.0 2018  1 18  8 54 38.16 -Inf   1
487  30.776600  110.767899     9.030     9604.1   -20775.9     3053.5      0.0      0.0      0.0 2018  1 20 22 35 43.92 -Inf   1
552  30.792400  110.449097     0.860   -20423.7   -19242.5    -4942.7      0.0      0.0      0.0 2018  1 21  3  9 39.18 -Inf   1
605  30.801201  111.240196     8.250    54764.4   -18048.4     2273.5      0.0      0.0      0.0 2018  1 25  6 21 43.85 -Inf   1
698  31.157400  110.363098     3.040   -29050.8    21443.0    -2936.5      0.0      0.0      0.0 2018  2  1  5 41  4.96 -Inf   1
1010  30.997101  110.455803     2.350   -20219.5     3670.8    -3626.5      0.0      0.0      0.0 2018  3  1 12 25 53.62 -Inf   1
1040  30.949301  109.985397    10.000   -65170.7    -1628.7     4023.5      0.0      0.0      0.0 2018  3  2  8 37 51.47 -Inf   1
1406  31.181601  110.327797     1.000   -31958.3    23907.8    -4802.7      0.0      0.0      0.0 2018  3  9 18 47 22.72 -Inf   1
1428  31.090500  110.100601     1.000   -53665.3    13807.5    -4802.7      0.0      0.0      0.0 2018  3 10  4 46 40.66 -Inf   1
1460  31.182899  110.514397     1.000   -14150.7    24051.8    -4802.7      0.0      0.0      0.0 2018  3 11 20 59 38.36 -Inf   1
1302  30.936701  110.117401     2.000   -52561.5    -3025.7    -3976.5      0.0      0.0      0.0 2018  3 15  9 54 13.08 -Inf   1
1307  30.869499  111.124001     8.860    43638.2   -10476.2     2883.5      0.0      0.0      0.0 2018  3 16  2 53 55.48 -Inf   1
1684  31.049299  110.418602    10.390   -23308.7     9239.7     4587.3      0.0      0.0      0.0 2018  3 23  6 49 29.86 -Inf   1
1457  30.853600  111.140404     5.470    45209.9   -12239.0     -506.5      0.0      0.0      0.0 2018  3 24  9 56 39.65 -Inf   1
1461  30.936600  111.171997     0.810    48209.3    -3036.9    -5166.5      0.0      0.0      0.0 2018  3 24 16  0  8.29 -Inf   1
1734  30.938400  110.516998     4.020   -13920.1    -3055.6    -1782.7      0.0      0.0      0.0 2018  3 25 11 31 33.04 -Inf   1
1485  31.113199  110.442101     1.000   -21515.4    16542.5    -4976.5      0.0      0.0      0.0 2018  3 25 21 26  3.32 -Inf   1
1532  31.159401  110.230904     6.920   -41667.6    21664.9      943.5      0.0      0.0      0.0 2018  3 27 16 36 18.24 -Inf   1
1849  30.987301  110.802597     1.000    13366.1     2366.0    -4802.7      0.0      0.0      0.0 2018  3 30  7 54 44.34 -Inf   1
1860  31.153299  110.518799     7.640   -13732.7    20770.0     1837.3      0.0      0.0      0.0 2018  3 30 17 43 19.60 -Inf   1
1665  30.979900  109.974197    10.000   -66230.3     1763.8     4023.5      0.0      0.0      0.0 2018  4  2  5 52 38.99 -Inf   1
1696  30.854700  111.141197     5.670    45285.5   -12117.0     -306.5      0.0      0.0      0.0 2018  4  3 10 37 46.36 -Inf   1
2085  31.138700  110.334999     1.000   -31278.0    19151.5    -4802.7      0.0      0.0      0.0 2018  4  9 21 21 51.80 -Inf   1
1866  30.944700  111.169296    11.030    47949.3    -2138.8     5053.5      0.0      0.0      0.0 2018  4 11 21 42 34.90 -Inf   1
1915  31.171101  110.333504     1.000   -31873.2    22962.0    -4976.5      0.0      0.0      0.0 2018  4 14 15 43  8.19 -Inf   1
2215  30.863001  111.128998     5.740    44575.1   -11415.0      -62.7      0.0      0.0      0.0 2018  4 14 23  8 22.76 -Inf   1
2228  31.185900  110.325104     7.170   -32214.6    24384.4     1367.3      0.0      0.0      0.0 2018  4 15  7 44 26.27 -Inf   1
2229  31.000299  109.994698    10.000   -63806.5     3807.1     4197.3      0.0      0.0      0.0 2018  4 15  8 12  1.29 -Inf   1
2282  30.759199  111.178902     1.000    49371.9   -22923.4    -4802.7      0.0      0.0      0.0 2018  4 18 10 41  1.29 -Inf   1
2284  30.884399  111.166603     9.180    48164.5    -9042.6     3377.3      0.0      0.0      0.0 2018  4 18 12 52 32.06 -Inf   1
2333  31.170601  110.323799     1.000   -32341.6    22688.2    -4802.7      0.0      0.0      0.0 2018  4 21 19 54 39.72 -Inf   1
2172  31.168200  110.370003     1.210   -28390.2    22640.3    -4766.5      0.0      0.0      0.0 2018  5  3 21 18 12.08 -Inf   1
2220  31.118601  110.100502     2.010   -54125.1    17141.4    -3966.5      0.0      0.0      0.0 2018  5  6  9 59 42.30 -Inf   1
2255  30.761999  110.832199     5.130    15754.5   -22394.7     -846.5      0.0      0.0      0.0 2018  5  8  7 25  4.57 -Inf   1
2656  30.849899  110.466003     2.100   -18801.4   -12867.6    -3702.7      0.0      0.0      0.0 2018  5  9 23 11 19.64 -Inf   1
2739  31.195801  110.315498     2.100   -33129.5    25482.1    -3702.7      0.0      0.0      0.0 2018  5 13 20 21 34.00 -Inf   1
2779  31.111601  110.225502     0.400   -41735.6    16147.0    -5402.7      0.0      0.0      0.0 2018  5 15 17 24 48.60 -Inf   1
2483  30.875401  110.945602     2.140    26584.9    -9822.0    -3836.5      0.0      0.0      0.0 2018  5 18  8 44  2.47 -Inf   1
3033  31.086201  110.104698     1.000   -53275.4    13330.9    -4802.7      0.0      0.0      0.0 2018  5 24 20 27 47.78 -Inf   1
2688  30.980499  109.966698     4.000   -66946.6     1830.2    -1976.5      0.0      0.0      0.0 2018  5 28 10 43 50.02 -Inf   1
2697  30.732800  111.118896     1.090    43180.8   -25632.0    -4886.5      0.0      0.0      0.0 2018  5 29  3 25 58.74 -Inf   1
3126  30.857201  111.132698     6.290    44930.2   -12058.1      487.3      0.0      0.0      0.0 2018  5 29  6  7 56.16 -Inf   1
2717  30.849001  111.138199     7.320    45000.2   -12748.9     1343.5      0.0      0.0      0.0 2018  5 30  2 10 11.99 -Inf   1
2786  30.683100  110.944603     9.140    26515.7   -31142.1     3163.5      0.0      0.0      0.0 2018  6  2 11 32  2.91 -Inf   1
3270  30.844101  111.138702     6.250    45507.2   -13510.5      447.3      0.0      0.0      0.0 2018  6  4  5 43 43.49 -Inf   1
3292  30.864599  110.946404     1.910    27120.8   -11237.8    -3892.7      0.0      0.0      0.0 2018  6  5  5  6 50.01 -Inf   1
3366  30.851601  111.141800     6.120    45801.6   -12679.0      317.3      0.0      0.0      0.0 2018  6  8  2 16 16.34 -Inf   1
2911  30.765100  110.894501     8.980    21712.7   -22050.8     3003.5      0.0      0.0      0.0 2018  6  8  3 13 39.99 -Inf   1
2937  30.986300  109.974899     6.000   -66161.0     2473.3       23.5      0.0      0.0      0.0 2018  6 10  1  2  9.64 -Inf   1
2954  30.819799  111.150902     8.220    46221.5   -15986.4     2243.5      0.0      0.0      0.0 2018  6 10 10 26 18.41 -Inf   1
3123  30.970200  109.981400    10.000   -65545.6      688.3     4023.5      0.0      0.0      0.0 2018  6 17 11 39  3.80 -Inf   1
3640  31.105600  110.080399     1.000   -55589.8    15481.7    -4802.7      0.0      0.0      0.0 2018  6 18 10  0 48.59 -Inf   1
3654  30.836599  111.154099     6.820    46980.9   -14342.2     1017.3      0.0      0.0      0.0 2018  6 20  0 24 42.39 -Inf   1
3160  30.801300  110.936401     4.160    25715.2   -18037.4    -1816.5      0.0      0.0      0.0 2018  6 20  6 47 41.24 -Inf   1
3164  30.783300  111.163002     5.840    47387.4   -20033.0     -136.5      0.0      0.0      0.0 2018  6 20  9 25 54.29 -Inf   1
3712  31.104799  110.807503     1.000    13826.3    15392.9    -4802.7      0.0      0.0      0.0 2018  6 23  5 27 21.50 -Inf   1
3754  30.779400  111.163696     1.970    47912.6   -20683.8    -3832.7      0.0      0.0      0.0 2018  6 26  2 14 25.12 -Inf   1
3760  30.851101  110.371696     2.020   -27816.6   -12734.4    -3782.7      0.0      0.0      0.0 2018  6 26  6 55 43.94 -Inf   1
3762  31.215200  110.063797     4.070   -57142.2    27632.9    -1732.7      0.0      0.0      0.0 2018  6 26  8 43 13.71 -Inf   1
3304  30.895399  111.033302     7.380    34964.0    -7604.7     1403.5      0.0      0.0      0.0 2018  6 30  0 15 57.87 -Inf   1
3928  31.094400  110.084000     1.000   -55249.3    14240.0    -4802.7      0.0      0.0      0.0 2018  7  6  4 21 10.83 -Inf   1
3966  31.097500  110.091202     1.000   -54560.8    14583.6    -4802.7      0.0      0.0      0.0 2018  7  9 11 46 52.27 -Inf   1
3439  30.865801  110.909302     1.290    23116.2   -10886.3    -4686.5      0.0      0.0      0.0 2018  7 10  4 41 33.09 -Inf   1
3459  31.183500  110.334702     1.000   -31756.8    24336.7    -4976.5      0.0      0.0      0.0 2018  7 12  7 58 58.15 -Inf   1
3612  31.142300  110.050102    10.000   -58929.2    19768.9     4023.5      0.0      0.0      0.0 2018  7 25  3 43 41.62 -Inf   1
3632  30.827999  111.235397     7.980    54298.0   -15077.3     2003.5      0.0      0.0      0.0 2018  7 26  1  6 18.77 -Inf   1
3680  30.932800  110.768204     9.160     9625.5    -3458.1     3183.5      0.0      0.0      0.0 2018  8  3  5  9 17.39 -Inf   1
4310  30.841299  110.448799     1.000   -20446.9   -13821.1    -4802.7      0.0      0.0      0.0 2018  8  6  5 19  5.08 -Inf   1
3703  31.167601  110.370598     3.280   -28333.5    22573.9    -2696.5      0.0      0.0      0.0 2018  8  6  8 38 54.63 -Inf   1
3710  30.762199  111.195297     5.500    50481.3   -22372.4     -476.5      0.0      0.0      0.0 2018  8  7  0 59 59.91 -Inf   1
4354  30.867201  111.097198     6.830    41534.6   -10949.4     1027.3      0.0      0.0      0.0 2018  8  9  1 29 44.33 -Inf   1
4356  30.730900  111.113602     4.770    43132.9   -26061.0    -1032.7      0.0      0.0      0.0 2018  8  9  2  5  1.20 -Inf   1
4396  30.903400  110.635101     5.140    -2635.6    -6936.0     -662.7      0.0      0.0      0.0 2018  8 12  0 23 14.89 -Inf   1
4451  31.188601  110.357101     1.000   -29160.7    24683.8    -4802.7      0.0      0.0      0.0 2018  8 19  9 42 53.03 -Inf   1
4564  31.165501  110.329597     4.330   -31789.1    22122.8    -1472.7      0.0      0.0      0.0 2018  8 28 22  7 30.64 -Inf   1
4639  31.080999  109.833000    12.360   -79218.9    12754.2     6557.3      0.0      0.0      0.0 2018  9  4  3 35  2.88 -Inf   1
4775  30.847500  111.126801     5.850    44368.7   -13133.6       47.3      0.0      0.0      0.0 2018  9 11 10 28 33.56 -Inf   1
4796  31.212000  110.061401     3.630   -57371.7    27278.1    -2172.7      0.0      0.0      0.0 2018  9 12  6 51 52.74 -Inf   1
4875  31.106899  109.955101     6.340   -67551.4    15625.7      537.3      0.0      0.0      0.0 2018  9 15  6 12 59.05 -Inf   1
4216  30.891300  111.058296     6.800    37353.5    -8059.2      823.5      0.0      0.0      0.0 2018  9 19  2 55 15.62 -Inf   1
4992  30.897900  111.142403     6.760    45848.2    -7545.9      957.3      0.0      0.0      0.0 2018  9 19 17 27 53.92 -Inf   1
4997  30.764700  111.092903     1.000    41145.8   -22313.6    -4802.7      0.0      0.0      0.0 2018  9 20  1 35 51.78 -Inf   1
5063  30.848600  111.097702     4.810    41586.7   -13011.6     -992.7      0.0      0.0      0.0 2018  9 22 23 14  5.72 -Inf   1
5074  30.721800  111.126404     8.800    44359.5   -27069.9     2997.3      0.0      0.0      0.0 2018  9 23  4 53 59.97 -Inf   1
4322  31.041700  110.458504     1.000   -19956.9     8615.5    -4976.5      0.0      0.0      0.0 2018  9 23  9  6  0.97 -Inf   1
5096  31.116199  109.974197     2.050   -65725.2    16656.8    -3752.7      0.0      0.0      0.0 2018  9 24  7 49 31.43 -Inf   1
4379  30.854300  111.238998    10.060    54634.9   -12161.4     4083.5      0.0      0.0      0.0 2018  9 27  2 10 11.45 -Inf   1
5164  30.884100  111.154198     7.560    46978.8    -9075.8     1757.3      0.0      0.0      0.0 2018  9 27  3 30 18.05 -Inf   1
5196  30.885099  111.143501     6.940    45956.3    -8965.0     1137.3      0.0      0.0      0.0 2018  9 28  4  0  8.82 -Inf   1
5265  31.032700  109.768303    10.000   -85417.7     7399.3     4197.3      0.0      0.0      0.0 2018 10  1  3 51 59.72 -Inf   1
4469  31.074200  109.884499    10.000   -74762.9    12218.7     4023.5      0.0      0.0      0.0 2018 10  1  4 15 48.41 -Inf   1
5303  31.062300  109.979401     2.490   -65246.7    10681.0    -3312.7      0.0      0.0      0.0 2018 10  3  9 54 55.87 -Inf   1
5306  30.888399  111.142403     7.200    45850.5    -8599.2     1397.3      0.0      0.0      0.0 2018 10  3 11 48  1.15 -Inf   1
5311  31.165600  110.327301     5.080   -32008.3    22133.8     -722.7      0.0      0.0      0.0 2018 10  3 17 24 32.96 -Inf   1
5324  31.150700  110.309097     3.140   -33748.2    20481.8    -2662.7      0.0      0.0      0.0 2018 10  4 18 29 12.62 -Inf   1
5375  30.796400  111.260803     2.000    57194.0   -18799.0    -3802.7      0.0      0.0      0.0 2018 10  8  3  2 23.48 -Inf   1
5409  31.136200  110.060204     3.510   -57508.7    18874.2    -2292.7      0.0      0.0      0.0 2018 10  9  7  9 59.67 -Inf   1
4644  31.042700  110.442101     9.190   -21523.3     8726.3     3213.5      0.0      0.0      0.0 2018 10 11  8 31 44.26 -Inf   1
5498  31.087000  110.464104     2.560   -18959.7    13419.5    -3242.7      0.0      0.0      0.0 2018 10 11 10  6 12.78 -Inf   1
5506  31.040600  110.464996     9.910   -18879.0     8275.2     4107.3      0.0      0.0      0.0 2018 10 11 10 31  0.33 -Inf   1
5550  31.045700  110.445396     4.410   -20750.3     8840.6    -1392.7      0.0      0.0      0.0 2018 10 11 14 51 17.06 -Inf   1
5738  31.029301  110.370102    10.730   -27943.2     7022.4     4927.3      0.0      0.0      0.0 2018 10 12  8 15 26.52 -Inf   1
5878  31.047400  109.840797     1.930   -78488.1     9029.0    -3872.7      0.0      0.0      0.0 2018 10 14  5 10 40.23 -Inf   1
5056  31.154499  110.304604     2.720   -34634.3    21121.4    -3256.5      0.0      0.0      0.0 2018 10 14 21 23  4.78 -Inf   1
5100  31.034201  110.463303     5.780   -19499.4     7784.0     -196.5      0.0      0.0      0.0 2018 10 15 11 38  0.10 -Inf   1
6425  31.053499  110.484299    14.950   -17034.4     9705.3     9147.3      0.0      0.0      0.0 2018 11  2 11  7  2.69 -Inf   1
5525  31.193199  110.319298     6.930   -33225.1    25412.0      953.5      0.0      0.0      0.0 2018 11  3  6 14 23.35 -Inf   1
5543  30.932400  109.999603    12.870   -63818.9    -3502.5     6893.5      0.0      0.0      0.0 2018 11  4  8 45  8.60 -Inf   1
5570  30.977900  110.051102    16.360   -58884.1     1542.0    10383.5      0.0      0.0      0.0 2018 11  6  4  9 42.96 -Inf   1
6609  31.155100  110.382698    13.740   -26722.7    20969.7     7937.3      0.0      0.0      0.0 2018 11 10  5  4 29.39 -Inf   1
5747  31.209400  110.386299     0.990   -26829.2    27208.2    -4986.5      0.0      0.0      0.0 2018 11 16 11 47 56.43 -Inf   1
5781  31.162901  110.299103     1.000   -35157.8    22052.9    -4976.5      0.0      0.0      0.0 2018 11 18 11 17 50.34 -Inf   1
6774  31.149900  110.302902     4.070   -34339.7    20393.2    -1732.7      0.0      0.0      0.0 2018 11 18 15 34 54.37 -Inf   1
5810  30.886000  111.144600     8.470    45603.4    -8646.8     2493.5      0.0      0.0      0.0 2018 11 19 20 17  4.06 -Inf   1
6816  30.847500  111.126999     6.040    44387.6   -13133.6      237.3      0.0      0.0      0.0 2018 11 20  8  5 58.48 -Inf   1
5846  31.155899  110.303101     1.000   -34777.5    21276.6    -4976.5      0.0      0.0      0.0 2018 11 20 20 57 54.76 -Inf   1
6836  31.063499  110.467697     1.000   -18618.8    10814.0    -4802.7      0.0      0.0      0.0 2018 11 21  1 39 15.49 -Inf   1
6838  31.282499  110.073303     0.190   -56215.4    35094.3    -5612.7      0.0      0.0      0.0 2018 11 21  3 53  2.26 -Inf   1
7011  31.106400  109.811699     6.000   -81242.0    15570.3      197.3      0.0      0.0      0.0 2018 11 27  4 35 27.96 -Inf   1
7079  30.730801  110.498199     4.000   -15733.2   -26071.9    -1802.7      0.0      0.0      0.0 2018 11 29 11 26  4.32 -Inf   1
6093  31.102100  109.831596    14.000   -79802.7    15312.0     8023.5      0.0      0.0      0.0 2018 12  1  4  6 47.46 -Inf   1
7161  31.305500  110.846001     2.000    17483.4    37644.4    -3802.7      0.0      0.0      0.0 2018 12  2  3 29 57.95 -Inf   1
7194  31.184299  110.356300     1.000   -29237.8    24207.0    -4802.7      0.0      0.0      0.0 2018 12  3  8 17 11.58 -Inf   1
7317  30.891399  111.030296     5.070    35135.2    -8266.5     -732.7      0.0      0.0      0.0 2018 12  9 22 12 59.92 -Inf   1
7450  31.138700  110.294403     1.000   -35153.0    19151.5    -4802.7      0.0      0.0      0.0 2018 12 14 20  0 30.60 -Inf   1
6377  31.210501  110.388496     1.410   -26619.3    27330.2    -4566.5      0.0      0.0      0.0 2018 12 15  6 40 53.28 -Inf   1
7513  31.206200  110.321602     1.000   -32545.3    26635.0    -4802.7      0.0      0.0      0.0 2018 12 16 17 57 39.58 -Inf   1
7566  31.215700  110.393204     1.000   -25711.9    27688.4    -4802.7      0.0      0.0      0.0 2018 12 19  2 20 10.01 -Inf   1
7605  31.141100  109.803596     2.000   -82000.8    19417.5    -3802.7      0.0      0.0      0.0 2018 12 20  8 53 13.23 -Inf   1
6550  30.818899  111.243202    13.700    55046.8   -16086.2     7723.5      0.0      0.0      0.0 2018 12 23  3 34 44.47 -Inf   1
6568  30.825600  110.768898     1.140     9697.2   -15343.3    -4836.5      0.0      0.0      0.0 2018 12 24  3 16 24.50 -Inf   1
7732  30.889601  110.139801     1.000   -49974.7    -8465.9    -4802.7      0.0      0.0      0.0 2018 12 25 11 24 13.18 -Inf   1
7751  30.821899  110.237503     1.000   -40651.0   -15971.9    -4802.7      0.0      0.0      0.0 2018 12 26 11 52 21.22 -Inf   1
6636  30.806801  111.277802     1.000    58358.6   -17427.5    -4976.5      0.0      0.0      0.0 2018 12 28  2 29 11.09 -Inf   1
6639  31.137300  109.864098     3.830   -76685.7    19214.6    -2146.5      0.0      0.0      0.0 2018 12 28  3 55 33.73 -Inf   1
6652  30.888800  111.136597     6.550    44837.8    -8336.4      573.5      0.0      0.0      0.0 2018 12 28 17 28 42.84 -Inf   1
6660  31.049299  110.451797     3.930   -20596.5     9458.0    -2046.5      0.0      0.0      0.0 2018 12 29  3 26 20.77 -Inf   1
