31  31.105101  110.383400     2.040   -27120.5    15644.6    -3936.5      0.0      0.0      0.0 2018  1  2  5 13 49.03 -Inf   1
41  30.886600  111.150597     6.190    46634.1    -8798.6      387.3      0.0      0.0      0.0 2018  1  2  7 49 54.06 -Inf   1
60  31.073099  110.023804     4.000   -61461.5    12096.7    -1976.5      0.0      0.0      0.0 2018  1  2 19 46 18.76 -Inf   1
80  31.045401  110.460197     8.770   -19794.8     9025.8     2793.5      0.0      0.0      0.0 2018  1  3  7 37 10.41 -Inf   1
173  31.175301  110.320999     2.000   -33065.9    23427.6    -3976.5      0.0      0.0      0.0 2018  1  7 23  5 39.48 -Inf   1
228  30.934700  110.762299    11.340     9519.0    -3465.8     5537.3      0.0      0.0      0.0 2018  1  9 14 49  1.42 -Inf   1
314  30.771299  111.177902     8.080    49273.2   -21581.9     2277.3      0.0      0.0      0.0 2018  1 13  4 23 15.16 -Inf   1
277  30.769899  111.174004     8.790    48442.8   -21518.8     2813.5      0.0      0.0      0.0 2018  1 13  4 33 37.01 -Inf   1
291  31.025101  110.473801     1.960   -18916.0     7032.7    -4085.1      0.0      0.0      0.0 2018  1 13 20 27 33.64 -Inf   1
299  30.891600  111.041000     4.310    35282.4    -7768.4    -1735.1      0.0      0.0      0.0 2018  1 14  4  7 41.23 -Inf   1
405  31.052099  110.069901     1.000   -56607.8     9550.1    -4802.7      0.0      0.0      0.0 2018  1 15 20 26 29.48 -Inf   1
396  30.853300  110.914299     1.610    23177.2   -12014.6    -4435.1      0.0      0.0      0.0 2018  1 17  5 40 28.14 -Inf   1
488  31.079901  110.181297     2.310   -45963.3    12632.4    -3492.7      0.0      0.0      0.0 2018  1 19  6 28 24.32 -Inf   1
513  30.719400  110.979897     4.530    30345.1   -27335.9    -1272.7      0.0      0.0      0.0 2018  1 20  8 50 43.49 -Inf   1
542  30.763700  111.268898     4.000    57520.0   -22206.0    -1976.5      0.0      0.0      0.0 2018  1 23  3 17 47.94 -Inf   1
550  30.752100  110.865402     8.870    18512.5   -23234.6     2824.9      0.0      0.0      0.0 2018  1 23  9  4  8.40 -Inf   1
673  30.955299  109.967697    12.000   -66401.2    -1182.0     6197.3      0.0      0.0      0.0 2018  1 25  9 56 27.95 -Inf   1
768  31.033501  110.453697     3.650   -19958.8     7488.1    -2152.7      0.0      0.0      0.0 2018  1 30  5 36 23.19 -Inf   1
811  31.249701  110.335403     1.000   -31221.3    31457.9    -4802.7      0.0      0.0      0.0 2018  2  2  8 29 53.94 -Inf   1
742  31.102900  110.116600     7.580   -52592.6    15400.6     1603.5      0.0      0.0      0.0 2018  2  4  6 12 49.52 -Inf   1
832  31.146601  110.403702     3.870   -25595.1    20503.3    -2175.1      0.0      0.0      0.0 2018  2 17 23  1 43.84 -Inf   1
870  31.029100  110.459602     3.000   -20271.7     7476.2    -3045.1      0.0      0.0      0.0 2018  2 23 14 38 49.19 -Inf   1
1017  31.138700  110.286201    10.180   -35935.8    19151.5     4377.3      0.0      0.0      0.0 2018  2 24 21 56 53.60 -Inf   1
1220  30.937901  110.766998    10.790     9967.9    -3111.0     4987.3      0.0      0.0      0.0 2018  3  2 12 40 15.66 -Inf   1
1247  30.934099  110.766403    10.810     9911.3    -3532.5     5007.3      0.0      0.0      0.0 2018  3  2 17 44  0.00 -Inf   1
1150  30.938101  110.765701     3.670     8967.8    -2612.9    -2375.1      0.0      0.0      0.0 2018  3  7 13  2  2.63 -Inf   1
1225  30.963699  109.970200    10.000   -67036.9      225.2     3954.9      0.0      0.0      0.0 2018  3 10  7 32 46.91 -Inf   1
1452  31.185101  110.293098     3.900   -35269.0    24295.8    -1902.7      0.0      0.0      0.0 2018  3 11 11  6 12.40 -Inf   1
1267  31.031300  110.451103    10.120   -20664.8     7462.4     4143.5      0.0      0.0      0.0 2018  3 13  4 52 48.62 -Inf   1
1281  31.063601  110.148598     7.620   -49966.6    11301.2     1574.9      0.0      0.0      0.0 2018  3 14 10 32 53.02 -Inf   1
1297  30.931601  110.767097     9.220     9519.8    -3591.1     3243.5      0.0      0.0      0.0 2018  3 15  5 41  7.83 -Inf   1
1601  31.149799  110.346001     3.780   -30226.1    20382.0    -2022.7      0.0      0.0      0.0 2018  3 19 11 34 39.18 -Inf   1
1654  30.847401  111.140297     6.810    45658.9   -13144.6     1007.3      0.0      0.0      0.0 2018  3 22  0 48 10.24 -Inf   1
1410  31.204700  110.085800     1.000   -55503.7    26687.2    -4976.5      0.0      0.0      0.0 2018  3 22  4  1 59.43 -Inf   1
1685  30.955000  109.969299    12.000   -66248.2    -1215.2     6197.3      0.0      0.0      0.0 2018  3 23  7 16 44.35 -Inf   1
1444  30.853001  111.135300     5.810    44722.1   -12305.4     -166.5      0.0      0.0      0.0 2018  3 24  0 14 16.81 -Inf   1
1774  30.708799  110.948402     3.870    27333.9   -28511.2    -1932.7      0.0      0.0      0.0 2018  3 27  6 39  9.48 -Inf   1
1532  30.851200  111.141899     5.570    44935.4   -12247.4     -475.1      0.0      0.0      0.0 2018  3 28  7 23 16.04 -Inf   1
1533  30.847000  111.144699     5.770    45204.1   -12713.1     -275.1      0.0      0.0      0.0 2018  3 28  7 24 34.34 -Inf   1
1831  30.966299  110.387299     1.000   -26309.4       37.5    -4802.7      0.0      0.0      0.0 2018  3 29  3 39 46.24 -Inf   1
1578  30.872499  111.061996     7.880    37292.8    -9886.0     1834.9      0.0      0.0      0.0 2018  3 30  4 20  8.22 -Inf   1
1609  30.860600  111.137299     5.780    44911.4   -11462.9     -196.5      0.0      0.0      0.0 2018  3 31  2 56 51.10 -Inf   1
1948  30.739201  111.117996     2.120    43551.4   -25140.7    -3682.7      0.0      0.0      0.0 2018  4  3  3 57 30.10 -Inf   1
1970  31.164499  110.318802     2.110   -32819.6    22011.8    -3692.7      0.0      0.0      0.0 2018  4  3 21 54 22.02 -Inf   1
1750  31.226700  110.059998     1.000   -58377.6    29383.8    -5045.1      0.0      0.0      0.0 2018  4  8 10 25  6.93 -Inf   1
1785  30.813801  110.934402     1.260    25522.4   -16651.5    -4716.5      0.0      0.0      0.0 2018  4  9  6  4 50.92 -Inf   1
1776  30.780399  110.767197     9.760     9118.2   -20097.0     3714.9      0.0      0.0      0.0 2018  4  9 20 37 23.08 -Inf   1
2162  31.294800  110.855301     1.000    18371.3    36458.0    -4802.7      0.0      0.0      0.0 2018  4 12  3 43 58.82 -Inf   1
2165  31.177099  110.381798     1.000   -26805.5    23408.7    -4802.7      0.0      0.0      0.0 2018  4 12  4 57 13.00 -Inf   1
2174  30.879900  111.017998     3.820    33961.7    -9541.5    -1982.7      0.0      0.0      0.0 2018  4 12 10 48 32.31 -Inf   1
1944  30.853201  111.139603     5.990    45133.4   -12283.2       13.5      0.0      0.0      0.0 2018  4 16  7 39 10.24 -Inf   1
2281  30.853600  111.192001     6.530    50600.1   -12457.4      727.3      0.0      0.0      0.0 2018  4 18 10  7 54.14 -Inf   1
2352  31.303400  110.119102     6.420   -51841.4    37411.5      617.3      0.0      0.0      0.0 2018  4 24  8 57 47.80 -Inf   1
2019  30.847799  111.139999     5.960    44754.6   -12624.5      -85.1      0.0      0.0      0.0 2018  4 26  0 11 38.44 -Inf   1
2377  30.828501  110.628403     7.310    -3277.0   -15240.0     1507.3      0.0      0.0      0.0 2018  4 26  0 40 53.62 -Inf   1
2022  30.887501  110.727203     1.220     5290.6    -8222.8    -4825.1      0.0      0.0      0.0 2018  4 26  4  6 13.18 -Inf   1
2056  31.266701  110.863800     3.360    18727.7    33561.1    -2616.5      0.0      0.0      0.0 2018  4 26  4 52 17.47 -Inf   1
2073  30.855499  111.134201     7.420    44616.5   -12028.4     1443.5      0.0      0.0      0.0 2018  4 27  3 24 31.30 -Inf   1
2090  30.857401  110.945000     0.420    26529.7   -11817.6    -5556.5      0.0      0.0      0.0 2018  4 28  5  4 27.33 -Inf   1
2462  31.062201  110.399696     9.530   -25112.4    10670.0     3727.3      0.0      0.0      0.0 2018  4 30  3 10 38.94 -Inf   1
2224  30.844200  111.138298     6.280    44592.8   -13023.5      234.9      0.0      0.0      0.0 2018  5  8  2 48 37.99 -Inf   1
2623  30.850800  111.137604     6.580    45400.6   -12767.8      777.3      0.0      0.0      0.0 2018  5  8  9 47  3.53 -Inf   1
2269  30.978201  110.028702    12.210   -61023.9     1575.4     6233.5      0.0      0.0      0.0 2018  5  9  2  3  5.86 -Inf   1
2645  30.737700  110.820702     6.380    15115.1   -25307.1      577.3      0.0      0.0      0.0 2018  5  9  7 14 39.63 -Inf   1
2305  31.093100  110.073402     4.000   -57138.4    14571.7    -2045.1      0.0      0.0      0.0 2018  5 13  1 55 40.23 -Inf   1
2372  31.225901  110.053398     6.840   -58589.1    29037.6      863.5      0.0      0.0      0.0 2018  5 14 10 12 14.46 -Inf   1
2756  31.233999  110.066597     9.570   -56869.4    29717.2     3767.3      0.0      0.0      0.0 2018  5 14 10 16 16.36 -Inf   1
2346  30.847700  111.143402     5.820    45079.9   -12635.5     -225.1      0.0      0.0      0.0 2018  5 14 23  3 50.64 -Inf   1
2353  31.047600  110.447403     8.020   -21434.8     9527.2     1974.9      0.0      0.0      0.0 2018  5 15  5 58 52.91 -Inf   1
2430  30.929701  110.754700    12.700     8335.2    -3801.7     6723.5      0.0      0.0      0.0 2018  5 17 10 13 19.35 -Inf   1
2817  30.937901  110.758797    10.410     9184.3    -3111.0     4607.3      0.0      0.0      0.0 2018  5 17 10 25 21.42 -Inf   1
2481  30.854799  111.139099     6.090    44666.9   -11848.4       44.9      0.0      0.0      0.0 2018  5 19  6 33 26.28 -Inf   1
2537  30.925301  110.757401    10.930     8593.5    -4289.6     4953.5      0.0      0.0      0.0 2018  5 20  2 21  4.41 -Inf   1
3006  30.977400  110.394096     1.140   -25658.4     1268.2    -4662.7      0.0      0.0      0.0 2018  5 23  5 35 45.11 -Inf   1
3022  30.860399  111.135300     5.600    45178.1   -11703.5     -202.7      0.0      0.0      0.0 2018  5 24  5 29 15.81 -Inf   1
3025  30.782200  110.755600     9.230     8886.0   -20373.4     3427.3      0.0      0.0      0.0 2018  5 24  6 41 46.63 -Inf   1
2617  30.854500  111.140602     7.990    45228.6   -12139.2     2013.5      0.0      0.0      0.0 2018  5 24 10 29 51.73 -Inf   1
3041  30.769699  110.374702     1.000   -27540.8   -21759.3    -4802.7      0.0      0.0      0.0 2018  5 25  5 11  9.22 -Inf   1
3146  30.851900  111.140297     6.060    45657.8   -12645.8      257.3      0.0      0.0      0.0 2018  5 30  6 50 35.91 -Inf   1
3153  31.094500  110.071297     6.050   -56462.1    14251.0      247.3      0.0      0.0      0.0 2018  5 30 12  8  1.31 -Inf   1
3170  30.974400  109.995003    12.000   -63786.0      935.6     6197.3      0.0      0.0      0.0 2018  5 31  6 24 15.34 -Inf   1
2742  30.855400  111.130699     6.250    44281.8   -12039.4      273.5      0.0      0.0      0.0 2018  5 31  7  6 44.52 -Inf   1
2759  31.242500  110.033203     6.000   -60510.7    30878.0       23.5      0.0      0.0      0.0 2018  6  1 10 25 43.26 -Inf   1
3264  30.849400  111.142403     6.540    45859.7   -12923.0      737.3      0.0      0.0      0.0 2018  6  4  1 26 14.02 -Inf   1
2790  31.140900  110.729897    10.680     5540.7    19871.2     4634.9      0.0      0.0      0.0 2018  6  4  7 18  3.42 -Inf   1
2844  30.855400  111.147301     6.780    45868.8   -12039.4      803.5      0.0      0.0      0.0 2018  6  5  0 11 56.02 -Inf   1
2879  30.846800  111.140297     6.510    45201.3   -12992.9      533.5      0.0      0.0      0.0 2018  6  6  3  6 51.24 -Inf   1
3329  30.775299  111.192299     9.450    50649.0   -21138.5     3647.3      0.0      0.0      0.0 2018  6  6  4 58 27.60 -Inf   1
3332  31.218201  110.058197     3.760   -57675.6    27965.6    -2042.7      0.0      0.0      0.0 2018  6  6  7 16 37.96 -Inf   1
2864  30.980499  110.036499    10.640   -60697.3     2087.8     4594.9      0.0      0.0      0.0 2018  6  8  2  2 24.61 -Inf   1
3497  30.847799  111.143204     6.730    45936.7   -13100.4      927.3      0.0      0.0      0.0 2018  6 12  1 57 59.82 -Inf   1
3024  30.752001  111.203499     2.000    51268.4   -23503.2    -3976.5      0.0      0.0      0.0 2018  6 12  5 36 31.47 -Inf   1
3032  30.849899  111.138397     5.880    45018.9   -12649.3      -96.5      0.0      0.0      0.0 2018  6 12 22 58 10.14 -Inf   1
3032  30.854099  111.138901     5.980    44648.1   -11926.0      -65.1      0.0      0.0      0.0 2018  6 15 23 19 59.84 -Inf   1
3608  30.854200  111.136299     5.720    45275.1   -12390.8      -82.7      0.0      0.0      0.0 2018  6 17  2 50  2.31 -Inf   1
3137  30.849701  111.138901     5.610    45067.1   -12671.2     -366.5      0.0      0.0      0.0 2018  6 18  8  7 29.84 -Inf   1
3661  30.999800  111.245598    11.730    55681.4     3751.7     5927.3      0.0      0.0      0.0 2018  6 20  4 13 47.17 -Inf   1
3679  30.848301  111.146103     6.510    46213.7   -13044.8      707.3      0.0      0.0      0.0 2018  6 21  4  5 13.18 -Inf   1
3735  30.853901  111.134003     6.850    45055.7   -12424.0     1047.3      0.0      0.0      0.0 2018  6 24 10 45 40.62 -Inf   1
3745  30.857800  110.941902     2.420    26691.5   -11991.7    -3382.7      0.0      0.0      0.0 2018  6 25  5 10 57.28 -Inf   1
3258  30.851500  111.153801     6.250    46073.1   -12214.2      204.9      0.0      0.0      0.0 2018  7  1  5 43 27.03 -Inf   1
3321  31.162201  110.368599     2.640   -28525.1    21975.3    -3336.5      0.0      0.0      0.0 2018  7  1 11 21 57.28 -Inf   1
3269  30.852900  110.397697     4.860   -26208.1   -12059.0    -1185.1      0.0      0.0      0.0 2018  7  2  5 50 34.54 -Inf   1
3856  31.153900  110.822701     7.170    15273.3    20836.6     1367.3      0.0      0.0      0.0 2018  7  3  4 52 23.08 -Inf   1
3305  30.929600  110.759499     9.240     8375.5    -3555.4     3194.9      0.0      0.0      0.0 2018  7  4 11 39  1.35 -Inf   1
3407  30.900299  110.696503     6.400     2774.5    -7061.5      423.5      0.0      0.0      0.0 2018  7  7  5 38 25.44 -Inf   1
3387  31.034901  110.453300     1.000   -20872.9     8119.2    -5045.1      0.0      0.0      0.0 2018  7 10 10 52 22.29 -Inf   1
3492  30.990499  109.975800     8.000   -66073.6     2938.9     2023.5      0.0      0.0      0.0 2018  7 15 11 19  8.86 -Inf   1
3489  30.959700  110.366898     9.180   -29136.3     -218.2     3134.9      0.0      0.0      0.0 2018  7 19  9 53 40.30 -Inf   1
3563  30.953600  110.376099    10.600   -28258.1     -894.5     4554.9      0.0      0.0      0.0 2018  7 25  1  0 42.37 -Inf   1
4244  30.902399  110.751701     1.000     8507.9    -7047.0    -4802.7      0.0      0.0      0.0 2018  7 30  9  0 38.31 -Inf   1
3633  30.869900  110.951599     2.560    26740.6   -10174.2    -3485.1      0.0      0.0      0.0 2018  8  2  7 35 12.18 -Inf   1
4278  30.933800  110.771698    10.150    10417.2    -3565.7     4347.3      0.0      0.0      0.0 2018  8  3  4 16 30.31 -Inf   1
3643  30.874201  110.953300     4.620    26902.7    -9697.4    -1425.1      0.0      0.0      0.0 2018  8  3  9 43  9.26 -Inf   1
4402  31.054399  110.722900     9.240     5750.8     9805.1     3437.3      0.0      0.0      0.0 2018  8 13  3 28 29.25 -Inf   1
3733  30.787701  110.985199     2.020    29965.1   -19287.6    -4025.1      0.0      0.0      0.0 2018  8 14  3 36 47.94 -Inf   1
3776  30.810499  110.926201     1.050    24738.7   -17017.5    -4926.5      0.0      0.0      0.0 2018  8 14  8 12 34.39 -Inf   1
4430  31.170300  110.334396     1.000   -31330.3    22654.8    -4802.7      0.0      0.0      0.0 2018  8 17  2 34 20.80 -Inf   1
3755  31.240200  110.317802    13.730   -33777.8    30880.5     7684.9      0.0      0.0      0.0 2018  8 17  2 44  3.41 -Inf   1
4476  30.903099  110.894997     4.430    22202.5    -6969.4    -1372.7      0.0      0.0      0.0 2018  8 21  4 28 43.30 -Inf   1
4485  30.846300  110.931000     3.460    25650.8   -13266.6    -2342.7      0.0      0.0      0.0 2018  8 22  6 25 29.98 -Inf   1
3816  31.168200  110.378197     1.200   -28026.4    22897.9    -4845.1      0.0      0.0      0.0 2018  8 24  7 50  6.21 -Inf   1
4538  30.878599  110.894203     1.090    22129.5    -9685.7    -4712.7      0.0      0.0      0.0 2018  8 27  1 29 22.04 -Inf   1
3882  31.003201  110.110199     6.550   -53231.3     4347.1      573.5      0.0      0.0      0.0 2018  8 27  5 47 42.01 -Inf   1
4570  30.748400  111.185898     1.000    50043.8   -24120.8    -4802.7      0.0      0.0      0.0 2018  8 29 11  2 30.44 -Inf   1
4592  31.134701  110.047203     1.000   -58750.1    18708.0    -4802.7      0.0      0.0      0.0 2018  8 31 10  5  0.22 -Inf   1
3955  31.065599  109.870201    18.000   -76131.5    11265.2    12023.5      0.0      0.0      0.0 2018  9  3  2 28 47.62 -Inf   1
3942  31.042999  109.792198     8.000   -84008.9     9017.1     1954.9      0.0      0.0      0.0 2018  9  6  2 56 27.98 -Inf   1
4668  31.099199  109.973099     5.000   -65835.9    14772.0     -802.7      0.0      0.0      0.0 2018  9  6  8 51 19.15 -Inf   1
4013  31.194000  110.029404     6.920   -60888.5    25500.8      943.5      0.0      0.0      0.0 2018  9  8  7 52 57.84 -Inf   1
4792  31.208000  110.820999     1.830    15106.6    26834.7    -3972.7      0.0      0.0      0.0 2018  9 12  5 17 22.16 -Inf   1
4816  30.838699  110.465500     1.000   -18850.6   -14109.3    -4802.7      0.0      0.0      0.0 2018  9 13  5 23  6.47 -Inf   1
4821  30.747299  110.438499     1.000   -21442.0   -24242.8    -4802.7      0.0      0.0      0.0 2018  9 13  6 53 55.99 -Inf   1
4826  30.741199  110.791801     8.870    12350.5   -24919.0     3067.3      0.0      0.0      0.0 2018  9 13  9 53 36.58 -Inf   1
4856  31.127600  110.042503     7.320   -59200.9    17920.7     1517.3      0.0      0.0      0.0 2018  9 14 10 24 26.18 -Inf   1
4094  30.911200  110.893501     4.730    21182.6    -5595.4    -1315.1      0.0      0.0      0.0 2018  9 15  9  3 34.63 -Inf   1
4942  30.842300  111.156097     7.260    47170.6   -13710.1     1457.3      0.0      0.0      0.0 2018  9 18  3 18 19.48 -Inf   1
4212  30.899700  111.136803     7.020    44854.9    -7127.9     1043.5      0.0      0.0      0.0 2018  9 18 17 32 25.08 -Inf   1
4153  30.849100  111.096802     5.360    40624.7   -12480.3     -685.1      0.0      0.0      0.0 2018  9 19  0 15 33.03 -Inf   1
4969  30.835600  111.108704     4.830    42641.3   -14453.0     -972.7      0.0      0.0      0.0 2018  9 19  3 45 16.10 -Inf   1
4236  30.854300  111.139000     5.660    45075.5   -12161.4     -316.5      0.0      0.0      0.0 2018  9 19  9 28  5.78 -Inf   1
4254  30.850201  111.098297     5.720    41185.4   -12615.8     -256.5      0.0      0.0      0.0 2018  9 20  5 33 42.24 -Inf   1
5031  30.848101  111.097298     5.870    41548.1   -13067.0       67.3      0.0      0.0      0.0 2018  9 21  9 16  4.61 -Inf   1
4225  30.850100  111.135101     7.270    44285.8   -12369.5     1224.9      0.0      0.0      0.0 2018  9 22  3  1 39.61 -Inf   1
4226  30.864300  110.436996     1.030   -22449.9   -10795.1    -5015.1      0.0      0.0      0.0 2018  9 22  4  3 15.23 -Inf   1
4231  30.746700  111.189201     4.520    49484.1   -23833.2    -1525.1      0.0      0.0      0.0 2018  9 22  9 45  5.55 -Inf   1
5066  31.020800  110.138603     6.580   -50055.1     6079.9      777.3      0.0      0.0      0.0 2018  9 23  1 16 40.14 -Inf   1
5070  31.104799  109.920197    17.690   -70884.5    15392.9    11887.3      0.0      0.0      0.0 2018  9 23  3 48 54.84 -Inf   1
4337  31.122801  109.895103    17.210   -74150.5    17864.6    11164.9      0.0      0.0      0.0 2018  9 28  4 11  6.09 -Inf   1
4346  30.841200  111.242401     6.630    54546.0   -13356.2      584.9      0.0      0.0      0.0 2018  9 28  9 26 34.98 -Inf   1
5225  31.241100  110.384598     7.220   -26529.5    30504.4     1417.3      0.0      0.0      0.0 2018  9 29  4  9 13.53 -Inf   1
5318  30.985300  110.393898     1.000   -25676.3     2144.1    -4802.7      0.0      0.0      0.0 2018 10  4  3 53 59.98 -Inf   1
4430  31.131701  110.020302    12.110   -62195.8    18851.3     6064.9      0.0      0.0      0.0 2018 10  5  9 13 44.89 -Inf   1
4588  31.271000  109.963402    13.750   -67159.9    34037.7     7773.5      0.0      0.0      0.0 2018 10  9  9 21 18.20 -Inf   1
4596  31.157700  110.289101     2.010   -36113.4    21476.2    -3966.5      0.0      0.0      0.0 2018 10 10  6 23 34.40 -Inf   1
4598  30.842100  111.135902     6.250    44782.2   -13513.9      273.5      0.0      0.0      0.0 2018 10 10  7 57 17.00 -Inf   1
4530  31.044300  110.435600     8.010   -22562.3     9161.3     1964.9      0.0      0.0      0.0 2018 10 11  7 30 20.49 -Inf   1
5740  30.993900  109.754799     4.000   -86724.9     3097.6    -1802.7      0.0      0.0      0.0 2018 10 12  8 28 10.68 -Inf   1
4887  31.043400  110.459503     2.200   -20279.6     9061.5    -3845.1      0.0      0.0      0.0 2018 10 13 20 22 56.98 -Inf   1
4906  31.102900  109.835403    14.000   -79857.9    15658.2     7954.9      0.0      0.0      0.0 2018 10 14  4 53 30.45 -Inf   1
4915  31.274799  110.060898     3.700   -58277.1    34716.5    -2345.1      0.0      0.0      0.0 2018 10 14  6  5 35.21 -Inf   1
4950  30.850000  111.137703     6.300    44534.5   -12380.5      254.9      0.0      0.0      0.0 2018 10 14 23 34  0.52 -Inf   1
4952  30.841499  111.216400    13.100    52060.1   -13323.0     7054.9      0.0      0.0      0.0 2018 10 15  1 28 18.32 -Inf   1
5140  30.851400  110.396202     1.650   -25932.4   -12482.8    -4326.5      0.0      0.0      0.0 2018 10 16  5 46 32.94 -Inf   1
6040  30.857000  111.141701     7.850    45790.8   -12080.3     2047.3      0.0      0.0      0.0 2018 10 17  2 34 42.35 -Inf   1
6054  30.850500  111.130501     6.000    44721.7   -12801.0      197.3      0.0      0.0      0.0 2018 10 17  9  7 18.96 -Inf   1
6068  31.031900  110.454300     6.130   -19901.4     7310.7      327.3      0.0      0.0      0.0 2018 10 17 23 30 50.40 -Inf   1
6110  31.169201  110.356796     6.540   -29192.7    22533.0      737.3      0.0      0.0      0.0 2018 10 19  4 13 56.77 -Inf   1
5146  31.085899  110.258301     7.380   -39486.2    13773.4     1334.9      0.0      0.0      0.0 2018 10 20 17 33 11.08 -Inf   1
6205  30.808901  110.918800     3.770    24489.3   -17413.1    -2032.7      0.0      0.0      0.0 2018 10 22  4 28  9.24 -Inf   1
6231  30.845100  110.469597     1.000   -18458.3   -13399.7    -4802.7      0.0      0.0      0.0 2018 10 23  7 50 22.47 -Inf   1
5258  30.846100  111.135002     6.550    44277.2   -12812.9      504.9      0.0      0.0      0.0 2018 10 28  6 46  9.22 -Inf   1
5276  31.129801  110.111397     9.520   -53500.5    18640.7     3474.9      0.0      0.0      0.0 2018 10 29  8 55 46.37 -Inf   1
6446  31.015900  110.702904     1.000     3842.0     5536.7    -4802.7      0.0      0.0      0.0 2018 11  3  4  0 14.99 -Inf   1
6506  30.848000  111.134697     5.270    45123.4   -13078.2     -532.7      0.0      0.0      0.0 2018 11  5 23 44 47.32 -Inf   1
5574  30.844601  111.146004     6.630    45747.4   -13236.7      653.5      0.0      0.0      0.0 2018 11  6  5 37 26.50 -Inf   1
5468  30.983601  110.386200     7.790   -27288.7     2431.7     1744.9      0.0      0.0      0.0 2018 11  9  7 40  6.28 -Inf   1
6608  31.032101  109.763100     4.000   -85914.9     7332.9    -1802.7      0.0      0.0      0.0 2018 11 10  4 57 11.21 -Inf   1
6658  31.169901  110.306602     1.000   -33983.0    22610.6    -4802.7      0.0      0.0      0.0 2018 11 11 16  6 36.52 -Inf   1
5543  30.996901  109.970299    16.460   -67015.9     3906.2    10414.9      0.0      0.0      0.0 2018 11 15  3 45 53.92 -Inf   1
5738  31.126900  110.005203    13.770   -63219.9    18061.5     7793.5      0.0      0.0      0.0 2018 11 16  1 49 40.21 -Inf   1
5558  30.898899  110.721397     5.540     4735.4    -6959.1     -505.1      0.0      0.0      0.0 2018 11 16  4 11  9.00 -Inf   1
6728  30.862301  110.721001     6.250     5575.0   -11492.7      447.3      0.0      0.0      0.0 2018 11 16  9  8 28.74 -Inf   1
6768  31.209900  110.381401     1.500   -26838.8    27045.3    -4302.7      0.0      0.0      0.0 2018 11 18 10 19 58.89 -Inf   1
5604  31.112700  109.946098     5.870   -69286.0    16744.7     -175.1      0.0      0.0      0.0 2018 11 19  4  5 49.99 -Inf   1
6832  31.147301  110.308403     1.000   -33815.1    20105.0    -4802.7      0.0      0.0      0.0 2018 11 20 22 24  1.62 -Inf   1
6989  30.885700  111.144699     6.360    46070.6    -8898.4      557.3      0.0      0.0      0.0 2018 11 26 20  1 58.96 -Inf   1
5987  30.842600  111.138802     7.140    45059.3   -13458.5     1163.5      0.0      0.0      0.0 2018 11 27  2  7 54.41 -Inf   1
5876  30.840200  111.128304     8.010    43638.2   -13467.0     1964.9      0.0      0.0      0.0 2018 12  1  9 25 27.91 -Inf   1
5919  30.865299  110.907501     5.410    22525.9   -10684.3     -635.1      0.0      0.0      0.0 2018 12  3  6 49 38.29 -Inf   1
6172  30.968000  110.016800    12.560   -62164.2      444.5     6583.5      0.0      0.0      0.0 2018 12  4  8 46 16.32 -Inf   1
7302  31.090599  109.963402     8.770   -66764.6    13818.5     2967.3      0.0      0.0      0.0 2018 12  9  7 22 43.87 -Inf   1
7329  31.070999  109.795601     4.000   -82794.1    11645.5    -1802.7      0.0      0.0      0.0 2018 12 10  7 16 54.35 -Inf   1
6045  31.149401  110.309097     6.040   -34624.7    20813.7       -5.1      0.0      0.0      0.0 2018 12 10 19 10 41.76 -Inf   1
6281  31.100100  109.789398     4.000   -83832.3    15090.2    -1976.5      0.0      0.0      0.0 2018 12 11  4 15  7.92 -Inf   1
6055  31.079399  109.854599     2.230   -78034.7    13052.7    -3815.1      0.0      0.0      0.0 2018 12 11  4 40  7.46 -Inf   1
6115  31.082199  109.827904     2.270   -80582.5    13363.2    -3775.1      0.0      0.0      0.0 2018 12 14  4 28 21.24 -Inf   1
6350  31.101101  109.816597     4.000   -81235.1    15201.2    -1976.5      0.0      0.0      0.0 2018 12 14  4 48 29.91 -Inf   1
7460  31.127300  110.238602     1.000   -40481.8    17887.5    -4802.7      0.0      0.0      0.0 2018 12 15  4 24 21.97 -Inf   1
7559  31.158001  110.300400     1.000   -34577.1    21291.3    -4802.7      0.0      0.0      0.0 2018 12 18 20  6  0.96 -Inf   1
7574  31.106701  109.791801     2.000   -83141.5    15603.7    -3802.7      0.0      0.0      0.0 2018 12 19  4 19 38.73 -Inf   1
6231  30.789900  110.934700     4.950    25135.7   -19043.7    -1095.1      0.0      0.0      0.0 2018 12 19  4 25 34.11 -Inf   1
7625  30.831100  110.352699     1.000   -29635.7   -14951.8    -4802.7      0.0      0.0      0.0 2018 12 21  4 17 24.77 -Inf   1
6272  30.854900  111.181602     8.850    48730.0   -11837.2     2804.9      0.0      0.0      0.0 2018 12 21 15 50 38.80 -Inf   1
7644  31.168100  110.303703     1.000   -34260.0    22411.0    -4802.7      0.0      0.0      0.0 2018 12 22  0 14  9.98 -Inf   1
7701  30.813700  111.264397     5.140    57532.5   -16881.0     -662.7      0.0      0.0      0.0 2018 12 24  6 35 48.42 -Inf   1
6352  31.266300  110.231102     2.060   -42043.7    33774.2    -3985.1      0.0      0.0      0.0 2018 12 26  4 19  8.03 -Inf   1
6624  30.844700  111.140503     6.780    45221.5   -13225.7      803.5      0.0      0.0      0.0 2018 12 27  6 38 33.69 -Inf   1
6635  30.859200  111.135399     6.210    44730.2   -11618.1      233.5      0.0      0.0      0.0 2018 12 27 23 37 13.22 -Inf   1
7838  31.036100  109.663002     2.000   -95472.8     7776.3    -3802.7      0.0      0.0      0.0 2018 12 30  7  1 26.68 -Inf   1
6446  30.885099  111.028900     6.010    34127.0    -8489.1      -35.1      0.0      0.0      0.0 2018 12 31 20 39 19.10 -Inf   1
