23  30.838699  110.779198     6.700    10262.8   -13633.4      654.9      0.0      0.0      0.0 2018  1  1 21 48  1.98 -Inf   1
62  30.938499  110.766998    10.840     9091.8    -2568.7     4794.9      0.0      0.0      0.0 2018  1  2 20 39 21.60 -Inf   1
77  30.939699  110.759804    10.560     8404.2    -2435.6     4514.9      0.0      0.0      0.0 2018  1  3  4 59 55.16 -Inf   1
99  31.082600  110.175201     2.020   -47421.4    13407.6    -4025.1      0.0      0.0      0.0 2018  1  4 14 18 32.39 -Inf   1
236  30.936800  110.764900     8.940     8891.4    -2757.1     2894.9      0.0      0.0      0.0 2018  1 11 10 33 54.33 -Inf   1
248  31.137800  110.024803     1.000   -61764.1    19527.6    -5045.1      0.0      0.0      0.0 2018  1 12  2 33 57.92 -Inf   1
342  30.768801  111.218300     2.000    52261.4   -21383.0    -4045.1      0.0      0.0      0.0 2018  1 15  3 44 31.64 -Inf   1
494  30.760099  111.178596     4.690    48466.4   -22347.7    -1355.1      0.0      0.0      0.0 2018  1 21  6 51 55.94 -Inf   1
511  30.928499  110.782898    11.010    10611.6    -3677.4     4964.9      0.0      0.0      0.0 2018  1 22  4 37 38.28 -Inf   1
546  30.803200  110.931099     3.770    24789.6   -17569.2    -2275.1      0.0      0.0      0.0 2018  1 23  6 55  3.53 -Inf   1
576  31.134800  110.013802     8.000   -62815.3    19195.0     1954.9      0.0      0.0      0.0 2018  1 24  3 42 43.18 -Inf   1
579  30.931101  110.792503    10.890    11529.3    -3388.9     4844.9      0.0      0.0      0.0 2018  1 24  5 30 11.17 -Inf   1
644  31.061800  110.359497     2.000   -29827.6    11101.5    -4045.1      0.0      0.0      0.0 2018  1 27  4 15 15.08 -Inf   1
963  30.968399  110.480400     1.000   -18291.1      746.3    -5045.1      0.0      0.0      0.0 2018  2 28  2 19 16.41 -Inf   1
995  30.929199  110.763100    10.180     8719.7    -3599.8     4134.9      0.0      0.0      0.0 2018  3  1 12  8  2.18 -Inf   1
1243  31.174999  110.286797     1.990   -36748.4    23651.8    -4055.1      0.0      0.0      0.0 2018  3 11 14 22 34.97 -Inf   1
1258  30.928699  110.760498     8.740     8471.1    -3655.2     2694.9      0.0      0.0      0.0 2018  3 13  2  1 38.72 -Inf   1
1267  30.930201  110.001602    16.000   -64047.8    -3488.7     9954.9      0.0      0.0      0.0 2018  3 13  7 16 30.75 -Inf   1
1283  31.016199  110.313103     1.000   -34266.0     6045.8    -5045.1      0.0      0.0      0.0 2018  3 14 17 12 44.44 -Inf   1
1309  31.099600  110.083397     6.920   -56182.2    15292.4      874.9      0.0      0.0      0.0 2018  3 16  6 11  0.52 -Inf   1
1359  30.883499  111.014503     4.260    32751.2    -8666.5    -1785.1      0.0      0.0      0.0 2018  3 19  9 43 59.11 -Inf   1
1401  30.859400  111.124802     5.970    43299.1   -11338.3      -75.1      0.0      0.0      0.0 2018  3 21 23 49 46.08 -Inf   1
1403  31.156799  110.449402     4.970   -21231.8    21634.0    -1075.1      0.0      0.0      0.0 2018  3 22  0  6 47.92 -Inf   1
1464  30.876301  111.013298     6.570    32637.2    -9464.6      524.9      0.0      0.0      0.0 2018  3 25  3 44 21.05 -Inf   1
1517  30.880699  111.014603     4.780    32761.2    -8976.9    -1265.1      0.0      0.0      0.0 2018  3 27 11 33 44.29 -Inf   1
1599  30.800501  110.909599     0.500    22734.1   -17868.4    -5545.1      0.0      0.0      0.0 2018  3 31  3 39 46.86 -Inf   1
1738  30.858500  111.121300     6.390    42964.5   -11438.2      344.9      0.0      0.0      0.0 2018  4  7 23 32 23.80 -Inf   1
1745  31.237700  110.317001     1.000   -33854.6    30603.3    -5045.1      0.0      0.0      0.0 2018  4  8  8  4 42.64 -Inf   1
1764  30.856199  111.123703     6.140    43194.8   -11693.2       94.9      0.0      0.0      0.0 2018  4  9  6 35 31.04 -Inf   1
1766  30.950800  109.970497    10.000   -67013.0    -1204.9     3954.9      0.0      0.0      0.0 2018  4  9  8 58 17.41 -Inf   1
1841  31.125799  110.065201     1.000   -57911.6    18197.1    -5045.1      0.0      0.0      0.0 2018  4 11 10  8 33.83 -Inf   1
1918  31.176201  110.379898     0.810   -27862.9    23785.0    -5235.1      0.0      0.0      0.0 2018  4 16  9 15 59.84 -Inf   1
1924  30.852699  111.142502     6.380    44992.7   -12081.2      334.9      0.0      0.0      0.0 2018  4 16 23 45 48.92 -Inf   1
1970  30.956600  109.954803    10.000   -68510.4     -561.9     3954.9      0.0      0.0      0.0 2018  4 20  2  4 49.36 -Inf   1
1993  30.772800  110.770500     9.480     9434.5   -20939.5     3434.9      0.0      0.0      0.0 2018  4 23  2 37 50.28 -Inf   1
1995  31.133699  110.030899     6.000   -61183.6    19072.9      -45.1      0.0      0.0      0.0 2018  4 23  9 30 22.53 -Inf   1
2043  30.962799  111.228798     0.450    53211.9      125.4    -5595.1      0.0      0.0      0.0 2018  4 27  7 36  7.34 -Inf   1
2066  30.876101  111.043900     4.260    35562.3    -9486.8    -1785.1      0.0      0.0      0.0 2018  4 28 19 55 33.06 -Inf   1
2212  30.844299  111.140404     5.720    44794.1   -13012.5     -325.1      0.0      0.0      0.0 2018  5  7  9 32 36.10 -Inf   1
2329  30.757000  111.197304     4.760    50256.4   -22691.3    -1285.1      0.0      0.0      0.0 2018  5 14  3 49 25.56 -Inf   1
2338  31.061800  110.456596     0.320   -20555.3    11101.5    -5725.1      0.0      0.0      0.0 2018  5 14 13 20 30.58 -Inf   1
2349  31.145500  110.030800    10.000   -61189.3    20381.3     3954.9      0.0      0.0      0.0 2018  5 15  4 33 37.84 -Inf   1
2351  31.069300  110.276398     0.060   -37761.5    11933.0    -5985.1      0.0      0.0      0.0 2018  5 15  5 22 47.39 -Inf   1
2363  30.961300  111.191200     0.120    49620.2      -40.8    -5925.1      0.0      0.0      0.0 2018  5 15 16 42 43.03 -Inf   1
2413  30.928900  110.759201    11.640     8347.1    -3633.0     5594.9      0.0      0.0      0.0 2018  5 17 12  7  3.85 -Inf   1
2440  30.929701  110.766998     9.160     9092.2    -3544.1     3114.9      0.0      0.0      0.0 2018  5 18  7 13 41.53 -Inf   1
2528  30.928600  110.760201     8.920     8442.6    -3666.2     2874.9      0.0      0.0      0.0 2018  5 21  3 49  2.39 -Inf   1
2540  31.185600  110.322197     3.520   -33368.0    24827.1    -2525.1      0.0      0.0      0.0 2018  5 21 11 52 59.67 -Inf   1
2547  30.893400  110.800400     6.680    12286.3    -7568.8      634.9      0.0      0.0      0.0 2018  5 22  3 51 35.30 -Inf   1
2573  31.191200  110.343697     1.000   -31315.4    25448.0    -5045.1      0.0      0.0      0.0 2018  5 24  4 53 46.04 -Inf   1
2605  30.855400  111.139702     5.940    44724.4   -11781.8     -105.1      0.0      0.0      0.0 2018  5 25 23 19 23.52 -Inf   1
2634  30.919800  110.758698    11.630     8299.4    -4641.9     5584.9      0.0      0.0      0.0 2018  5 27 10  8 24.92 -Inf   1
2682  30.854300  111.137703     5.850    44533.6   -11903.8     -195.1      0.0      0.0      0.0 2018  5 30  5 36 34.48 -Inf   1
2815  30.930300  110.757599    10.690     8194.0    -3477.7     4644.9      0.0      0.0      0.0 2018  6  5 11  3 17.60 -Inf   1
2855  31.140699  110.617599     8.610    -5178.5    19849.0     2564.9      0.0      0.0      0.0 2018  6  7 10 51 19.24 -Inf   1
2867  30.994600  110.050400     7.460   -59364.9     3651.2     1414.9      0.0      0.0      0.0 2018  6  8  2 51 34.41 -Inf   1
2877  31.180000  110.518402     1.000   -14644.3    24206.3    -5045.1      0.0      0.0      0.0 2018  6  8 20 12  8.54 -Inf   1
2948  31.118099  110.787003    10.540    10993.0    17343.4     4494.9      0.0      0.0      0.0 2018  6 11  7 16 37.43 -Inf   1
3040  31.134001  110.062698     1.000   -58148.0    19106.4    -5045.1      0.0      0.0      0.0 2018  6 16  3 44  0.08 -Inf   1
3060  31.160000  110.301399     7.930   -35357.5    21988.8     1884.9      0.0      0.0      0.0 2018  6 16 20 10 36.00 -Inf   1
3139  31.021099  110.474998     1.450   -18802.0     6589.1    -4595.1      0.0      0.0      0.0 2018  6 22  9 47 46.15 -Inf   1
3182  30.855000  111.135696     6.380    44341.6   -11826.2      334.9      0.0      0.0      0.0 2018  6 25  7  1  9.16 -Inf   1
3256  30.856701  111.129601     5.120    43758.4   -11637.6     -925.1      0.0      0.0      0.0 2018  7  1  4 54 19.97 -Inf   1
3289  31.045900  110.456200     7.540   -20594.9     9338.8     1494.9      0.0      0.0      0.0 2018  7  4  8 56 43.75 -Inf   1
3293  30.930201  110.758598     8.960     8289.5    -3488.7     2914.9      0.0      0.0      0.0 2018  7  4 10 21  7.50 -Inf   1
3364  31.033400  110.452698     6.810   -20930.7     7952.8      764.9      0.0      0.0      0.0 2018  7  7 16 52 40.44 -Inf   1
3396  30.911699  110.640999     2.570    -2948.4    -5540.0    -3475.1      0.0      0.0      0.0 2018  7 11 11 32 50.85 -Inf   1
3460  30.934900  110.767502    11.550     9140.0    -2967.7     5504.9      0.0      0.0      0.0 2018  7 17  7 45  4.96 -Inf   1
3484  31.127100  110.005096     8.000   -63648.8    18341.3     1954.9      0.0      0.0      0.0 2018  7 18  8 17  5.49 -Inf   1
3617  31.138901  110.012001     6.000   -62985.8    19649.6      -45.1      0.0      0.0      0.0 2018  7 31  9 54 18.77 -Inf   1
3658  31.273300  110.848701     3.490    16869.5    34550.3    -2555.1      0.0      0.0      0.0 2018  8  6  4 12 28.53 -Inf   1
3807  31.208401  110.390701     1.000   -26827.3    27355.0    -5045.1      0.0      0.0      0.0 2018  8 23 10  7 10.32 -Inf   1
3813  31.130301  110.031097     8.000   -61165.7    18696.1     1954.9      0.0      0.0      0.0 2018  8 24  6 22 23.42 -Inf   1
3948  31.028601  110.191704     7.310   -45858.6     7420.8     1264.9      0.0      0.0      0.0 2018  9  7  6  6 56.88 -Inf   1
3979  31.004801  109.839600     2.630   -79497.7     4782.1    -3415.1      0.0      0.0      0.0 2018  9  9  4  2  6.37 -Inf   1
4036  31.043900  110.666199     4.890     -539.8     9116.9    -1155.1      0.0      0.0      0.0 2018  9 12 11  7 41.08 -Inf   1
4081  31.040199  110.327003     3.800   -32934.2     8706.7    -2245.1      0.0      0.0      0.0 2018  9 14 12 20 51.74 -Inf   1
4133  30.845301  111.100800     4.620    41007.6   -12901.5    -1425.1      0.0      0.0      0.0 2018  9 17 22 52 50.20 -Inf   1
4165  30.900101  110.066299     7.240   -57874.4    -6825.9     1194.9      0.0      0.0      0.0 2018  9 19  8  7 29.33 -Inf   1
4168  30.821699  111.225502     0.570    52935.7   -15518.2    -5475.1      0.0      0.0      0.0 2018  9 19  8 48 54.12 -Inf   1
4233  30.913401  110.073898     1.000   -57144.3    -5351.3    -5045.1      0.0      0.0      0.0 2018  9 22 10 19 32.45 -Inf   1
4238  30.858500  111.140297     2.860    44780.6   -11438.2    -3185.1      0.0      0.0      0.0 2018  9 22 20 25 18.64 -Inf   1
4248  30.859400  111.108002     5.340    41693.1   -11338.3     -705.1      0.0      0.0      0.0 2018  9 23  3  7  4.48 -Inf   1
4250  31.044600  109.808601     1.000   -82441.7     9194.5    -5045.1      0.0      0.0      0.0 2018  9 23  3 42 53.84 -Inf   1
4263  30.848400  111.099503     4.560    40883.0   -12557.9    -1485.1      0.0      0.0      0.0 2018  9 23 23 29 13.90 -Inf   1
4274  30.843000  111.109802     4.840    41868.8   -13156.5    -1205.1      0.0      0.0      0.0 2018  9 24  9 49  2.09 -Inf   1
4370  30.753099  110.900398     6.650    21859.6   -23123.7      604.9      0.0      0.0      0.0 2018  9 30  2 38  8.47 -Inf   1
4381  30.887199  111.142502     6.810    44984.6    -8256.2      764.9      0.0      0.0      0.0 2018  9 30 12 16 53.52 -Inf   1
4389  31.041000  109.794701     6.000   -83770.8     8795.5      -45.1      0.0      0.0      0.0 2018 10  1  3 52  0.09 -Inf   1
4397  30.875601  111.032799     7.570    34501.3    -9542.2     1524.9      0.0      0.0      0.0 2018 10  2  3 47 11.38 -Inf   1
4453  31.071699  109.725197     1.000   -90394.2    12199.0    -5045.1      0.0      0.0      0.0 2018 10  7  9 49 14.23 -Inf   1
4517  31.052500  110.435204     1.250   -22599.2    10070.4    -4795.1      0.0      0.0      0.0 2018 10 11  7 13 42.38 -Inf   1
4730  31.045601  110.447899     1.700   -21387.6     9305.6    -4345.1      0.0      0.0      0.0 2018 10 11 22 29 17.48 -Inf   1
5007  31.045000  110.472099     1.000   -19076.5     9238.9    -5045.1      0.0      0.0      0.0 2018 10 16  0 20 16.52 -Inf   1
5116  30.897600  111.075699     1.000    38597.6    -7103.1    -5045.1      0.0      0.0      0.0 2018 10 19  9 30 20.34 -Inf   1
5170  31.078699  110.259903     6.660   -39334.7    12975.1      614.9      0.0      0.0      0.0 2018 10 21 23 23 50.12 -Inf   1
5226  31.051300  110.443901     7.270   -21768.8     9937.4     1224.9      0.0      0.0      0.0 2018 10 24 14 43 30.67 -Inf   1
5275  30.869200  111.103104     6.530    41222.8   -10251.8      484.9      0.0      0.0      0.0 2018 10 29  8 48 54.61 -Inf   1
5300  31.041000  109.725304     2.000   -90398.4     8795.5    -4045.1      0.0      0.0      0.0 2018 10 30  9 42 12.33 -Inf   1
5343  31.008600  109.842201     1.000   -79247.7     5203.3    -5045.1      0.0      0.0      0.0 2018 11  2  4 21 19.09 -Inf   1
5371  31.208300  110.058800     4.100   -58497.5    27343.8    -1945.1      0.0      0.0      0.0 2018 11  3  9 35  3.13 -Inf   1
5441  31.154400  110.295799     1.000   -35893.0    21368.0    -5045.1      0.0      0.0      0.0 2018 11  7 22 17 38.34 -Inf   1
5471  30.936701  110.768402     5.210     9226.0    -2768.1     -835.1      0.0      0.0      0.0 2018 11  9 17 28 59.68 -Inf   1
5540  31.098600  109.798103     2.000   -83420.9    15181.6    -4045.1      0.0      0.0      0.0 2018 11 15  3 33 44.91 -Inf   1
5602  31.009100  111.276398     6.220    57745.9     5258.7      174.9      0.0      0.0      0.0 2018 11 19  3 38  0.15 -Inf   1
5631  30.820101  111.236397    13.190    53977.8   -15695.4     7144.9      0.0      0.0      0.0 2018 11 20  7 26 27.12 -Inf   1
5863  30.887699  111.139801     6.270    44726.4    -8200.8      224.9      0.0      0.0      0.0 2018 11 30 15 10 36.34 -Inf   1
5879  31.048201  110.453201     2.000   -20881.0     9593.8    -4045.1      0.0      0.0      0.0 2018 12  1 13 15 50.68 -Inf   1
5998  30.921900  110.238297     8.500   -41431.5    -4409.0     2454.9      0.0      0.0      0.0 2018 12  8 20  4  0.24 -Inf   1
6015  30.883600  111.145500     7.340    45272.1    -8655.3     1294.9      0.0      0.0      0.0 2018 12  9 15 29 57.84 -Inf   1
6048  30.927500  111.179001     1.080    48463.1    -3788.2    -4965.1      0.0      0.0      0.0 2018 12 10 21 21 16.72 -Inf   1
6063  31.052500  110.300598     1.000   -35453.8    10070.4    -5045.1      0.0      0.0      0.0 2018 12 11  9 15 22.89 -Inf   1
6103  30.869699  111.143997     4.410    45131.7   -10196.4    -1635.1      0.0      0.0      0.0 2018 12 13  8 28 15.39 -Inf   1
6152  31.155100  110.348000     0.900   -30910.5    21445.6    -5145.1      0.0      0.0      0.0 2018 12 15 17 29 49.54 -Inf   1
6243  31.159599  110.343300     1.000   -31358.4    21944.4    -5045.1      0.0      0.0      0.0 2018 12 19 20 55  0.78 -Inf   1
6258  31.126499  110.298599     0.430   -35630.9    18274.7    -5615.1      0.0      0.0      0.0 2018 12 20 14 45 16.86 -Inf   1
6302  31.141701  109.981300     1.960   -65915.4    19960.0    -4085.1      0.0      0.0      0.0 2018 12 23  6 51 12.97 -Inf   1
6364  30.827900  111.248001    14.010    55085.1   -14830.7     7964.9      0.0      0.0      0.0 2018 12 27  1 45 59.10 -Inf   1
6401  30.885799  111.140404     6.510    44784.4    -8411.5      464.9      0.0      0.0      0.0 2018 12 29  7 24 54.57 -Inf   1
6428  30.888599  111.022598     4.480    33524.1    -8101.0    -1565.1      0.0      0.0      0.0 2018 12 30 11 54 21.24 -Inf   1
