213  30.950199  110.020203    13.180   -62442.5    -1342.4     7032.5      0.0      0.0      0.0 2018  1  8  8 39 11.21 -Inf   1
295  30.937099  110.765099    10.710     8731.4    -2794.7     4562.5      0.0      0.0      0.0 2018  1 11 19  6  5.88 -Inf   1
489  30.935600  110.790298    10.440    11139.5    -2960.9     4292.5      0.0      0.0      0.0 2018  1 18 20  8  0.40 -Inf   1
588  30.989000  109.956596     8.000   -68506.2     2959.5     1852.5      0.0      0.0      0.0 2018  1 22  4 28 15.92 -Inf   1
630  30.928600  110.787102    11.640    10834.4    -3737.0     5492.5      0.0      0.0      0.0 2018  1 23  9 21  9.22 -Inf   1
719  31.168501  110.326202     8.190   -33167.2    22860.5     2042.5      0.0      0.0      0.0 2018  1 26  8 15 14.09 -Inf   1
627  30.931801  110.784698    12.160    10783.5    -3311.3     6114.9      0.0      0.0      0.0 2018  1 26 15 32 12.82 -Inf   1
1355  30.937099  110.772202     9.150     9410.1    -2794.7     3002.5      0.0      0.0      0.0 2018  3  4 14 59 31.67 -Inf   1
1242  30.892799  110.783699     8.130    10690.1    -7635.4     2084.9      0.0      0.0      0.0 2018  3 11 14 16 33.19 -Inf   1
1574  30.939301  110.771896     9.250     9559.8    -2479.8     3204.9      0.0      0.0      0.0 2018  3 30  2 46 24.25 -Inf   1
2132  30.929199  110.765602    10.030     8779.9    -3670.6     3882.5      0.0      0.0      0.0 2018  4 10 17 56 27.88 -Inf   1
2015  31.158300  110.445900     5.870   -21565.9    21800.4     -175.1      0.0      0.0      0.0 2018  4 25 19 26 52.36 -Inf   1
2126  31.046499  110.450996     7.740   -21091.7     9405.2     1694.9      0.0      0.0      0.0 2018  5  2  3  3 58.80 -Inf   1
2393  30.739599  110.829102    11.470    15041.5   -24620.5     5424.9      0.0      0.0      0.0 2018  5 17  8 47 53.41 -Inf   1
3088  30.746201  110.779999     7.680    10165.2   -23959.4     1532.5      0.0      0.0      0.0 2018  5 29 14 25 36.12 -Inf   1
3121  30.691401  110.921997     9.430    23753.9   -30035.1     3282.5      0.0      0.0      0.0 2018  5 31  6 37 37.02 -Inf   1
2902  30.924400  110.770897     8.880     9465.0    -4131.8     2834.9      0.0      0.0      0.0 2018  6 10  5 16  3.95 -Inf   1
3431  30.950500  111.238197     4.780    53934.4    -1308.9    -1367.5      0.0      0.0      0.0 2018  6 12  3  9 39.82 -Inf   1
3479  31.142900  110.042503     6.000   -60251.4    20022.2     -147.5      0.0      0.0      0.0 2018  6 14 10 17 10.06 -Inf   1
3039  30.764500  110.972298     4.580    28734.8   -21859.8    -1465.1      0.0      0.0      0.0 2018  6 16  3 40 47.98 -Inf   1
3315  30.931900  110.756302     8.930     8069.9    -3300.3     2884.9      0.0      0.0      0.0 2018  7  4 14 45  8.71 -Inf   1
3847  30.932301  110.768898     9.350     9094.7    -3326.7     3202.5      0.0      0.0      0.0 2018  7  6  8 36 41.07 -Inf   1
3493  31.129299  110.019897     8.000   -62235.2    18585.1     1954.9      0.0      0.0      0.0 2018  7 20  3 58 36.77 -Inf   1
3584  31.044300  110.432503    12.250   -22858.1     9161.3     6204.9      0.0      0.0      0.0 2018  7 25 22 29 32.70 -Inf   1
4212  30.784100  110.988701     5.340    30121.5   -19757.6     -807.5      0.0      0.0      0.0 2018  8  6  3 46 46.39 -Inf   1
4366  30.764700  111.107300     4.330    41467.3   -21908.4    -1817.5      0.0      0.0      0.0 2018  8 20  7 28 56.34 -Inf   1
4396  31.138300  110.060402     1.000   -58544.4    19512.2    -5147.5      0.0      0.0      0.0 2018  8 23  3 22 31.00 -Inf   1
4397  31.178400  110.371101     5.760   -28880.6    23958.0     -387.5      0.0      0.0      0.0 2018  8 23  3 55  6.98 -Inf   1
4535  30.946199  110.393402     3.990   -26784.6    -1785.8    -2157.5      0.0      0.0      0.0 2018  9  4  2 38 15.75 -Inf   1
4732  31.125999  110.028900     6.550   -61555.3    18148.4      402.5      0.0      0.0      0.0 2018  9 15  6 13  0.41 -Inf   1
4395  30.877701  111.020798     5.580    33353.9    -9309.3     -465.1      0.0      0.0      0.0 2018 10  1 18 42 25.68 -Inf   1
6294  30.959400  110.801102     5.330    12170.3     -322.2     -817.5      0.0      0.0      0.0 2018 11  6 16 59 43.54 -Inf   1
5469  31.133600  110.032402    10.010   -61040.1    19061.9     3964.9      0.0      0.0      0.0 2018 11  9  8 23 13.75 -Inf   1
5541  31.290501  110.839699     4.000    16009.3    36457.3    -2045.1      0.0      0.0      0.0 2018 11 15  3 36 49.98 -Inf   1
6599  31.130400  110.027901     9.760   -61649.3    18636.3     3612.5      0.0      0.0      0.0 2018 11 22  8 46 58.00 -Inf   1
6646  31.096300  109.978897    11.050   -66338.9    14855.7     4902.5      0.0      0.0      0.0 2018 11 24  7 57 51.58 -Inf   1
6766  30.892799  111.139603     6.610    44527.2    -7706.2      462.5      0.0      0.0      0.0 2018 11 28 11 59 35.09 -Inf   1
5835  30.882299  111.020798     5.330    33353.1    -8799.5     -715.1      0.0      0.0      0.0 2018 11 29 14 13 44.96 -Inf   1
