9  31.117300  110.018799     1.000   -62522.4    17183.9    -5147.5      0.0      0.0      0.0 2018  1  1  8 14 41.34 -Inf   1
33  30.933100  110.792801     8.320    11378.7    -3238.1     2172.5      0.0      0.0      0.0 2018  1  1 23 25 49.14 -Inf   1
61  30.935900  110.772903     9.130     9477.3    -2927.7     2982.5      0.0      0.0      0.0 2018  1  2 17 55  1.04 -Inf   1
90  30.935600  110.765099    10.160     8731.5    -2960.9     4012.5      0.0      0.0      0.0 2018  1  3  6 22 16.23 -Inf   1
116  30.928801  110.775703     8.060     9745.2    -3714.8     1912.5      0.0      0.0      0.0 2018  1  4  3 26 28.58 -Inf   1
118  30.905701  111.206001     2.440    50869.9    -6275.8    -3707.5      0.0      0.0      0.0 2018  1  4  9  0 12.62 -Inf   1
174  30.930099  110.793701    10.620    11464.9    -3570.8     4472.5      0.0      0.0      0.0 2018  1  6 22 34 18.88 -Inf   1
201  30.777300  110.764297     9.180     8662.0   -20511.5     3032.5      0.0      0.0      0.0 2018  1  7 18 20 49.10 -Inf   1
209  30.935200  110.785698     8.740    10699.9    -3005.3     2592.5      0.0      0.0      0.0 2018  1  8  3 10 45.61 -Inf   1
248  30.937901  110.771301     9.950     9324.1    -2705.9     3802.5      0.0      0.0      0.0 2018  1  9 17  6  0.32 -Inf   1
294  30.940001  110.765701    11.480     8788.9    -2473.1     5332.5      0.0      0.0      0.0 2018  1 11 18 58 49.40 -Inf   1
296  30.940599  110.761902    10.530     8425.8    -2406.7     4382.5      0.0      0.0      0.0 2018  1 11 19 23 45.82 -Inf   1
305  31.010099  110.464401     1.040   -19994.0     5298.7    -5107.5      0.0      0.0      0.0 2018  1 12  1 55 15.19 -Inf   1
334  30.928699  110.772400     9.130     9429.5    -3726.0     2982.5      0.0      0.0      0.0 2018  1 13  6 38 42.31 -Inf   1
460  30.881001  111.151604    11.180    45677.0    -9014.3     5032.5      0.0      0.0      0.0 2018  1 17  9 14 45.76 -Inf   1
477  31.129601  110.019302     4.000   -62470.3    18547.7    -2147.5      0.0      0.0      0.0 2018  1 18  9 12 32.63 -Inf   1
479  30.933100  110.787102    11.480    10834.1    -3238.1     5332.5      0.0      0.0      0.0 2018  1 18  9 50  5.45 -Inf   1
481  30.943300  110.770897     8.800     9285.2    -2107.2     2652.5      0.0      0.0      0.0 2018  1 18 16 51 53.04 -Inf   1
493  30.930901  110.792801     9.860    11378.9    -3482.0     3712.5      0.0      0.0      0.0 2018  1 18 22  3 59.28 -Inf   1
507  30.942600  110.768303    10.730     9037.3    -2184.8     4582.5      0.0      0.0      0.0 2018  1 19 11 31 15.26 -Inf   1
528  30.931601  110.791801    11.580    11283.3    -3404.4     5432.5      0.0      0.0      0.0 2018  1 20 13 13 35.05 -Inf   1
535  30.927900  110.788300    10.070    10948.9    -3814.6     3922.5      0.0      0.0      0.0 2018  1 20 15 55 20.18 -Inf   1
542  30.934099  110.789803     9.910    11092.2    -3127.3     3762.5      0.0      0.0      0.0 2018  1 20 17 35  1.48 -Inf   1
544  30.942600  110.782097     9.080    10355.4    -2184.8     2932.5      0.0      0.0      0.0 2018  1 20 17 55 37.40 -Inf   1
545  30.934000  110.789001     8.210    11015.6    -3138.3     2062.5      0.0      0.0      0.0 2018  1 20 17 56 53.60 -Inf   1
553  30.932699  110.813301    14.380    13337.7    -3282.6     8232.5      0.0      0.0      0.0 2018  1 20 20 12 13.56 -Inf   1
632  30.918699  110.756699     7.020     7929.5    -4834.7      872.5      0.0      0.0      0.0 2018  1 23  9 54 50.45 -Inf   1
634  30.934999  110.769402     9.450     9142.7    -3027.5     3302.5      0.0      0.0      0.0 2018  1 23  9 58 12.79 -Inf   1
637  30.936199  110.765900    10.040     8808.0    -2894.5     3892.5      0.0      0.0      0.0 2018  1 23 10 24 49.26 -Inf   1
651  30.934099  110.764603     9.560     8684.2    -3127.3     3412.5      0.0      0.0      0.0 2018  1 23 20 15 33.82 -Inf   1
671  30.933300  110.790199    10.230    11130.1    -3215.9     4082.5      0.0      0.0      0.0 2018  1 24 11 33 49.30 -Inf   1
690  30.866800  110.783699     9.230    10512.6   -10588.7     3082.5      0.0      0.0      0.0 2018  1 25  2 55 42.95 -Inf   1
704  30.931000  110.794403    10.640    11532.0    -3471.0     4492.5      0.0      0.0      0.0 2018  1 26  0 50 48.44 -Inf   1
722  30.933800  110.797096    10.550    11789.1    -3160.5     4402.5      0.0      0.0      0.0 2018  1 26 10  1 17.37 -Inf   1
742  30.930901  110.796097    10.310    11693.8    -3482.0     4162.5      0.0      0.0      0.0 2018  1 26 20 51 58.36 -Inf   1
743  30.933399  110.803703    11.490    12420.5    -3204.9     5342.5      0.0      0.0      0.0 2018  1 26 21 26 35.36 -Inf   1
756  30.858400  110.784599     8.330    10599.1   -11520.0     2182.5      0.0      0.0      0.0 2018  1 27 13 20  8.86 -Inf   1
781  30.861900  110.784302     9.280    10570.5   -11131.9     3132.5      0.0      0.0      0.0 2018  1 29  9  4  5.74 -Inf   1
782  31.125500  110.020897     6.000   -62319.5    18093.0     -147.5      0.0      0.0      0.0 2018  1 29  9 34 39.65 -Inf   1
794  30.991501  109.965401     6.000   -67664.3     3236.7     -147.5      0.0      0.0      0.0 2018  1 30  4 21 49.56 -Inf   1
799  30.931900  110.798599     7.980    11932.9    -3371.2     1832.5      0.0      0.0      0.0 2018  1 30 20 35 45.72 -Inf   1
808  30.936399  110.773499     8.480     9534.1    -2872.3     2332.5      0.0      0.0      0.0 2018  1 31 16 14 12.77 -Inf   1
811  30.936600  110.774101     8.880     9591.7    -2850.1     2732.5      0.0      0.0      0.0 2018  1 31 17 14 58.80 -Inf   1
812  31.100201  110.181503     2.830   -46994.0    15288.1    -3317.5      0.0      0.0      0.0 2018  1 31 18 30 14.56 -Inf   1
814  30.943001  110.778198     8.890     9982.8    -2140.4     2742.5      0.0      0.0      0.0 2018  1 31 22  6 10.96 -Inf   1
840  31.120100  110.024101     2.000   -62015.3    17494.4    -4147.5      0.0      0.0      0.0 2018  2  2  8  8 18.22 -Inf   1
874  30.937599  110.768600     9.380     9066.0    -2739.3     3232.5      0.0      0.0      0.0 2018  2  4 18 12  4.94 -Inf   1
919  31.036100  110.450897     5.060   -21281.0     8181.4    -1087.5      0.0      0.0      0.0 2018  2 11 13  5 44.99 -Inf   1
936  31.060699  110.185699     5.070   -46602.9    10908.7    -1077.5      0.0      0.0      0.0 2018  2 13 21 22  8.14 -Inf   1
974  30.943701  110.748703     7.170     7164.5    -2062.8     1022.5      0.0      0.0      0.0 2018  2 16  4 51 16.92 -Inf   1
1044  30.933500  110.763603     9.310     8588.7    -3193.7     3162.5      0.0      0.0      0.0 2018  2 24 18 46 27.86 -Inf   1
1063  30.890301  110.150398     1.000     2725.1     1732.2    -1440.0      0.0      0.0      0.0 2018  2 25  1 51 13.13 -Inf   2
1069  30.921101  110.769600     8.010     9162.3    -4568.5     1862.5      0.0      0.0      0.0 2018  2 25  7 32 58.11 -Inf   1
1070  30.935900  110.781601     8.020    10308.4    -2927.7     1872.5      0.0      0.0      0.0 2018  2 25  7 50 20.18 -Inf   1
1098  30.798000  110.774300     9.800     9617.5   -18216.5     3652.5      0.0      0.0      0.0 2018  2 26 17  2 41.06 -Inf   1
1111  30.823200  110.921997     5.290    23737.8   -15422.6     -857.5      0.0      0.0      0.0 2018  2 27  5 25 54.33 -Inf   1
1171  30.961599  110.467903     4.220   -19664.5      -78.4    -1927.5      0.0      0.0      0.0 2018  2 28  8 13 12.08 -Inf   1
1183  31.077101  110.346199     1.000   -31273.6    12727.1    -5147.5      0.0      0.0      0.0 2018  2 28 16 52 23.50 -Inf   1
1188  30.915300  110.768997     7.060     9105.0    -5211.5      912.5      0.0      0.0      0.0 2018  2 28 19 18 43.12 -Inf   1
1191  30.906200  110.503197     6.670   -16297.1    -6220.4      522.5      0.0      0.0      0.0 2018  2 28 21  4  3.56 -Inf   1
1226  30.938900  110.763802     9.990     8607.4    -2595.1     3842.5      0.0      0.0      0.0 2018  3  1 21 26 41.48 -Inf   1
1248  30.940300  110.762604     9.930     8492.9    -2439.9     3782.5      0.0      0.0      0.0 2018  3  2  7 57 46.35 -Inf   1
1249  30.924900  110.774399     9.340     9620.7    -4147.2     3192.5      0.0      0.0      0.0 2018  3  2  8 16 33.65 -Inf   1
1274  30.780399  110.763298     9.780     8566.3   -20167.9     3632.5      0.0      0.0      0.0 2018  3  2 14 46 16.13 -Inf   1
1277  30.935101  110.766296     9.780     8846.0    -3016.3     3632.5      0.0      0.0      0.0 2018  3  2 14 58 39.73 -Inf   1
1283  30.934500  110.759598    10.320     8205.9    -3082.9     4172.5      0.0      0.0      0.0 2018  3  2 15  5 25.19 -Inf   1
1293  30.930700  110.771103     8.690     9305.5    -3504.2     2542.5      0.0      0.0      0.0 2018  3  2 15 56 51.41 -Inf   1
1295  30.938601  110.770302     9.510     9228.5    -2628.3     3362.5      0.0      0.0      0.0 2018  3  2 16 18  9.31 -Inf   1
1297  30.933201  110.767502    10.790     8961.2    -3226.9     4642.5      0.0      0.0      0.0 2018  3  2 17 43 59.98 -Inf   1
1327  30.940300  110.762604    11.660     8492.9    -2439.9     5512.5      0.0      0.0      0.0 2018  3  3 16  5 52.44 -Inf   1
1334  30.936300  110.759598    11.320     8205.8    -2883.3     5172.5      0.0      0.0      0.0 2018  3  3 18 47 12.84 -Inf   1
1354  30.940001  110.769798     9.530     9180.4    -2473.1     3382.5      0.0      0.0      0.0 2018  3  4 14 22 50.03 -Inf   1
1381  30.916100  110.766800     3.640     8895.0    -5122.9    -2507.5      0.0      0.0      0.0 2018  3  5  7 13 51.34 -Inf   1
1390  31.082800  110.344597     2.020   -31425.7    13358.9    -4127.5      0.0      0.0      0.0 2018  3  6 17 26 51.84 -Inf   1
1514  30.932899  109.988998    14.000   -65429.9    -3260.3     7852.5      0.0      0.0      0.0 2018  3 12  7  2  7.88 -Inf   1
1529  30.952801  109.971100    12.000   -67133.3    -1053.9     5852.5      0.0      0.0      0.0 2018  3 13  4 30 16.58 -Inf   1
1584  31.054800  110.433800     5.570   -22911.7    10254.6     -577.5      0.0      0.0      0.0 2018  3 16 20 32 12.40 -Inf   1
1624  30.927401  110.792503     6.900    11350.6    -3870.0      752.5      0.0      0.0      0.0 2018  3 17 10 16  2.03 -Inf   1
1634  30.779699  110.764503     8.550     8681.6   -20245.5     2402.5      0.0      0.0      0.0 2018  3 18  6 48 16.54 -Inf   1
1692  31.028500  110.726898     7.550     5078.8     7338.7     1402.5      0.0      0.0      0.0 2018  3 21 20 44 29.56 -Inf   1
1709  31.100100  110.260597     0.390   -39442.6    15276.9    -5757.5      0.0      0.0      0.0 2018  3 22 14 34 44.39 -Inf   1
1714  30.958300  111.188400     0.150    49174.4     -444.3    -5997.5      0.0      0.0      0.0 2018  3 22 21 49 17.78 -Inf   1
1764  31.032499  110.728897     7.160     5269.6     7782.2     1012.5      0.0      0.0      0.0 2018  3 25 10 26 24.17 -Inf   1
1827  31.107500  110.436096     0.240   -22686.2    16097.4    -5907.5      0.0      0.0      0.0 2018  3 28  8 26 52.42 -Inf   1
1838  30.903500  110.781303     6.670    10281.7    -6519.9      522.5      0.0      0.0      0.0 2018  3 28 18 59 11.16 -Inf   1
1885  31.077700  110.175797     4.610   -47544.4    12793.5    -1537.5      0.0      0.0      0.0 2018  3 30 18 35  0.04 -Inf   1
1887  30.936501  110.781998     7.580    10346.2    -2861.1     1432.5      0.0      0.0      0.0 2018  3 30 20 45 22.90 -Inf   1
1900  30.893999  111.146797     6.220    45214.6    -7573.2       72.5      0.0      0.0      0.0 2018  3 31 14 30 38.27 -Inf   1
1925  31.067499  110.810501     1.000    13061.0    11662.6    -5147.5      0.0      0.0      0.0 2018  4  1 22 37 17.74 -Inf   1
1952  31.014601  110.067703     1.000   -57884.6     5797.8    -5147.5      0.0      0.0      0.0 2018  4  2  9  7  2.64 -Inf   1
1955  31.084600  110.171700     4.340   -47933.9    13558.6    -1807.5      0.0      0.0      0.0 2018  4  2 14 12 36.37 -Inf   1
1965  31.126499  110.023804     6.000   -62041.7    18203.8     -147.5      0.0      0.0      0.0 2018  4  3  4  7 49.08 -Inf   1
2017  30.948601  111.223801     1.030    52559.4    -1519.6    -5117.5      0.0      0.0      0.0 2018  4  5 13 24  1.42 -Inf   1
2106  30.781799  110.767097     8.080     8929.6   -20012.7     1932.5      0.0      0.0      0.0 2018  4 10  1 10 16.48 -Inf   1
2141  30.920601  110.764000     8.030     8627.2    -4623.9     1882.5      0.0      0.0      0.0 2018  4 10 18 45 28.30 -Inf   1
2175  30.932301  110.763199     9.090     8550.1    -3326.7     2942.5      0.0      0.0      0.0 2018  4 11 23  4 16.86 -Inf   1
2204  31.144800  110.448196     7.020   -21526.8    20232.8      872.5      0.0      0.0      0.0 2018  4 13 14 16  7.49 -Inf   1
2217  30.952600  111.172401     0.340    47647.2    -1076.1    -5807.5      0.0      0.0      0.0 2018  4 14  3 58 41.05 -Inf   1
2224  30.881599  111.016197     3.880    32734.4    -8947.9    -2267.5      0.0      0.0      0.0 2018  4 14 14 30 28.66 -Inf   1
2226  31.036301  110.446800     5.410   -21672.3     8203.6     -737.5      0.0      0.0      0.0 2018  4 14 15 29 13.38 -Inf   1
2234  30.948601  111.223999     3.270    52578.3    -1519.6    -2877.5      0.0      0.0      0.0 2018  4 14 23 38 16.32 -Inf   1
2357  30.885799  111.016701     4.210    32781.9    -8482.3    -1937.5      0.0      0.0      0.0 2018  4 25 10 50 16.35 -Inf   1
2378  30.987000  109.951698     4.000   -68974.8     2737.7    -2147.5      0.0      0.0      0.0 2018  4 26  8 15 52.45 -Inf   1
2409  31.155899  110.318100     4.220   -33942.8    21463.4    -1927.5      0.0      0.0      0.0 2018  4 27 16 29 57.50 -Inf   1
2411  31.115000  110.270103     8.430   -38532.0    16928.9     2282.5      0.0      0.0      0.0 2018  4 27 21 12  4.24 -Inf   1
2423  30.864100  111.100403     5.620    40786.7   -10888.1     -527.5      0.0      0.0      0.0 2018  4 28  9 39 48.46 -Inf   1
2481  31.163099  110.283600     1.000   -37234.3    22261.6    -5147.5      0.0      0.0      0.0 2018  5  1 16 37 38.30 -Inf   1
2509  31.240101  110.043999     4.000   -60078.3    30798.7    -2147.5      0.0      0.0      0.0 2018  5  3  7 53 13.88 -Inf   1
2554  30.891500  111.146004     7.130    45139.3    -7850.2      982.5      0.0      0.0      0.0 2018  5  5  7 51 42.30 -Inf   1
2572  31.075001  110.194099     1.960   -45797.4    12494.3    -4187.5      0.0      0.0      0.0 2018  5  6 14  1 19.25 -Inf   1
2618  30.933100  111.168602     0.810    47289.0    -3238.1    -5337.5      0.0      0.0      0.0 2018  5  8 20  1 49.00 -Inf   1
2619  30.930799  111.190399     4.750    49372.4    -3493.2    -1397.5      0.0      0.0      0.0 2018  5  8 21 10 10.72 -Inf   1
2638  30.958900  111.172401     0.770    47645.7     -377.6    -5377.5      0.0      0.0      0.0 2018  5  9 15  1 11.37 -Inf   1
2653  30.929399  110.800003     5.570    12067.2    -3648.4     -577.5      0.0      0.0      0.0 2018  5 10 18 17 18.98 -Inf   1
2676  31.058201  110.300003     1.000   -35688.2    10631.7    -5147.5      0.0      0.0      0.0 2018  5 11 17  8 11.96 -Inf   1
2721  30.886801  111.019699     4.290    33068.3    -8371.3    -1857.5      0.0      0.0      0.0 2018  5 13 23 43 24.08 -Inf   1
2808  30.937300  110.765800     8.290     8798.5    -2772.5     2142.5      0.0      0.0      0.0 2018  5 17 12 43  5.76 -Inf   1
2821  30.929600  110.760498    10.690     8292.1    -3626.2     4542.5      0.0      0.0      0.0 2018  5 18  0 23 38.21 -Inf   1
2942  31.017599  110.465202     2.010   -19916.7     6130.2    -4137.5      0.0      0.0      0.0 2018  5 21 18 35 30.34 -Inf   1
3023  31.081200  110.198997     1.870   -45328.2    13181.5    -4277.5      0.0      0.0      0.0 2018  5 26 18 12 26.12 -Inf   1
3025  30.928101  111.185799     3.800    48933.5    -3792.4    -2347.5      0.0      0.0      0.0 2018  5 26 19 37 56.16 -Inf   1
3042  30.933100  110.767700     9.450     8980.2    -3238.1     3302.5      0.0      0.0      0.0 2018  5 27 10  3 35.66 -Inf   1
3085  31.013100  110.187897     5.180   -46404.6     5631.4     -967.5      0.0      0.0      0.0 2018  5 29 12 49  7.32 -Inf   1
3136  30.672899  110.962997     0.730    27679.3   -32086.3    -5417.5      0.0      0.0      0.0 2018  6  1  1 25 47.94 -Inf   1
3273  30.924700  110.766098     8.950     8827.5    -4169.4     2802.5      0.0      0.0      0.0 2018  6  6  7 40 36.27 -Inf   1
3292  30.976601  109.949501     8.000   -69188.5     1584.8     1852.5      0.0      0.0      0.0 2018  6  7 11 30  6.15 -Inf   1
3296  30.703199  110.928902     7.480    24413.0   -28726.9     1332.5      0.0      0.0      0.0 2018  6  7 18 23  5.06 -Inf   1
3317  31.060499  110.444298     6.840   -21908.5    10886.5      692.5      0.0      0.0      0.0 2018  6  8 16  4 16.95 -Inf   1
3336  30.948700  111.177498     0.230    48135.2    -1508.6    -5917.5      0.0      0.0      0.0 2018  6  9 14 35 55.36 -Inf   1
3367  31.123100  110.033096     1.000   -61155.7    17827.0    -5147.5      0.0      0.0      0.0 2018  6 11  3  9  1.59 -Inf   1
3441  31.140200  110.017998     4.000   -62591.4    19722.8    -2147.5      0.0      0.0      0.0 2018  6 12  8 54 12.42 -Inf   1
3458  31.249201  110.803497     7.680    12380.5    31807.6     1532.5      0.0      0.0      0.0 2018  6 13 10  5 21.92 -Inf   1
3482  30.948700  111.185699     0.270    48918.8    -1508.6    -5877.5      0.0      0.0      0.0 2018  6 14 19 53  1.38 -Inf   1
3524  31.131901  110.038300     6.000   -60656.2    18802.7     -147.5      0.0      0.0      0.0 2018  6 16  9 45 56.21 -Inf   1
3544  31.132700  110.866699     6.970    18421.1    18891.3      822.5      0.0      0.0      0.0 2018  6 17  2  9  8.38 -Inf   1
3564  30.780100  110.759399     8.760     8193.5   -20201.1     2612.5      0.0      0.0      0.0 2018  6 18  0  4 58.83 -Inf   1
3603  30.871401  111.091698     5.420    39953.0   -10078.6     -727.5      0.0      0.0      0.0 2018  6 21  2 22 31.55 -Inf   1
3610  31.088800  110.021400     1.000   -62283.3    14024.2    -5147.5      0.0      0.0      0.0 2018  6 21  5 35 57.27 -Inf   1
3612  30.937000  111.154701     1.000    45959.8    -2805.7    -5147.5      0.0      0.0      0.0 2018  6 21  9 56 34.12 -Inf   1
3666  31.061300  110.448601     5.010   -21497.5    10975.3    -1137.5      0.0      0.0      0.0 2018  6 25 19 49  1.04 -Inf   1
3693  30.807800  111.268997    11.750    56919.3   -17130.0     5602.5      0.0      0.0      0.0 2018  6 27  9 10  9.64 -Inf   1
3708  30.963900  110.786598     9.370    10784.3      176.6     3222.5      0.0      0.0      0.0 2018  6 28  9 59 58.64 -Inf   1
3766  30.743401  110.870796     5.030    18850.2   -24269.9    -1117.5      0.0      0.0      0.0 2018  7  3  7 42  3.46 -Inf   1
3798  30.932301  110.769798     8.950     9180.7    -3326.7     2802.5      0.0      0.0      0.0 2018  7  4 12  3 23.87 -Inf   1
3812  30.932501  110.765900    10.830     8808.2    -3304.5     4682.5      0.0      0.0      0.0 2018  7  4 20 16 29.20 -Inf   1
3827  30.931700  110.758797     9.270     8129.5    -3393.4     3122.5      0.0      0.0      0.0 2018  7  5  8 59 38.09 -Inf   1
3833  30.924801  110.770203     8.520     9219.7    -4158.2     2372.5      0.0      0.0      0.0 2018  7  5 22 25  8.86 -Inf   1
3857  31.045401  110.449402     0.770   -21422.8     9212.5    -5377.5      0.0      0.0      0.0 2018  7  7 17  2 19.24 -Inf   1
3858  31.041901  110.450996     5.760   -21270.9     8824.5     -387.5      0.0      0.0      0.0 2018  7  7 18 30 27.80 -Inf   1
3863  31.131901  110.024002     6.000   -62021.0    18802.7     -147.5      0.0      0.0      0.0 2018  7  8  3 24 50.17 -Inf   1
3883  31.078899  110.201500     4.700   -45089.8    12926.5    -1447.5      0.0      0.0      0.0 2018  7 10  3 52  0.27 -Inf   1
3892  30.911200  110.126900     9.980   -52258.4    -5666.2     3832.5      0.0      0.0      0.0 2018  7 11  7 47  9.75 -Inf   1
3893  30.780100  110.765800     7.770     8805.6   -20201.1     1622.5      0.0      0.0      0.0 2018  7 11 10 38 27.20 -Inf   1
3918  30.934299  110.765701     8.980     8789.1    -3105.1     2832.5      0.0      0.0      0.0 2018  7 14 14 44 43.45 -Inf   1
3928  30.931999  110.763000     9.490     8531.2    -3360.2     3342.5      0.0      0.0      0.0 2018  7 14 22 33 27.20 -Inf   1
3966  31.238300  110.960098    16.000    27321.7    30599.1     9852.5      0.0      0.0      0.0 2018  7 16 14 26  5.24 -Inf   1
3968  30.918699  110.785202     7.110    10653.4    -4834.7      962.5      0.0      0.0      0.0 2018  7 16 16 56 25.47 -Inf   1
3974  30.923901  110.626297     1.000    -4532.0    -4258.0    -5147.5      0.0      0.0      0.0 2018  7 17  3 10 48.22 -Inf   1
3986  31.152399  110.311203     2.310   -34601.7    21075.3    -3837.5      0.0      0.0      0.0 2018  7 17 18  6 59.32 -Inf   1
3987  30.953400  110.253197     2.030   -40179.7     -987.5    -4117.5      0.0      0.0      0.0 2018  7 17 18 15 48.90 -Inf   1
4008  30.789101  110.912903     5.050    22872.3   -19203.2    -1097.5      0.0      0.0      0.0 2018  7 18  9 22 19.86 -Inf   1
4029  31.033501  110.368202     9.180   -29179.2     7893.2     3032.5      0.0      0.0      0.0 2018  7 20 15 34  6.04 -Inf   1
4037  31.012899  110.536903     8.940   -13068.5     5609.2     2792.5      0.0      0.0      0.0 2018  7 21  2 26 39.26 -Inf   1
4042  30.617001  110.544800     1.000    -1701.5    -4201.6     -585.0      0.0      0.0      0.0 2018  7 21 11 10 39.42 -Inf   3
4046  31.051201  110.455299     6.950   -20859.0     9855.6      802.5      0.0      0.0      0.0 2018  7 21 15  8 17.31 -Inf   1
4053  31.005501  110.715797    10.400     4019.0     4788.9     4252.5      0.0      0.0      0.0 2018  7 22  5 36 17.22 -Inf   1
4056  31.004999  110.714401    10.670     3885.7     4733.3     4522.5      0.0      0.0      0.0 2018  7 22  5 56 57.44 -Inf   1
4082  30.988600  109.959602     1.000   -68219.2     2915.1    -5147.5      0.0      0.0      0.0 2018  7 23  9 27 49.41 -Inf   1
4097  31.020100  110.711502    10.030     3608.5     6407.4     3882.5      0.0      0.0      0.0 2018  7 23 20 41 50.24 -Inf   1
4115  30.929701  110.768097     8.950     9018.3    -3615.0     2802.5      0.0      0.0      0.0 2018  7 25 10 56 11.02 -Inf   1
4120  31.016300  110.532700     9.160   -13469.8     5986.2     3012.5      0.0      0.0      0.0 2018  7 25 13 15 17.66 -Inf   1
4165  30.950701  110.481499     6.500   -18366.5    -1286.7      352.5      0.0      0.0      0.0 2018  7 31 16 36 20.91 -Inf   1
4179  30.929701  110.771896     9.540     9381.3    -3615.0     3392.5      0.0      0.0      0.0 2018  8  2  3 49 59.63 -Inf   1
4233  30.892900  111.147903     5.950    45320.5    -7695.0     -197.5      0.0      0.0      0.0 2018  8  7 16 20 57.42 -Inf   1
4251  30.842899  110.642601     7.140    -2975.2   -13238.6      992.5      0.0      0.0      0.0 2018  8  8 18  9  6.80 -Inf   1
4329  30.740801  110.835403     7.280    15465.1   -24558.1     1132.5      0.0      0.0      0.0 2018  8 16  8 22 33.52 -Inf   1
4348  30.809799  110.926498     0.560    24169.8   -16908.3    -5587.5      0.0      0.0      0.0 2018  8 19  3  3  3.99 -Inf   1
4372  31.028000  110.462601     1.850   -20164.1     7283.3    -4297.5      0.0      0.0      0.0 2018  8 20 16 28 23.97 -Inf   1
4375  30.928301  110.761299     9.960     8368.7    -3770.2     3812.5      0.0      0.0      0.0 2018  8 20 21 19 21.18 -Inf   1
4383  31.003401  110.142700     1.310   -50724.1     4556.1    -4837.5      0.0      0.0      0.0 2018  8 21 10 51 15.83 -Inf   1
4446  31.162800  110.496803     2.020   -16885.6    22228.4    -4127.5      0.0      0.0      0.0 2018  8 27 16 20 45.43 -Inf   1
4474  31.040300  110.192001     4.310   -46006.0     8647.1    -1837.5      0.0      0.0      0.0 2018  8 29 18 34 22.32 -Inf   1
4500  31.042601  110.435997     4.020   -22703.3     8902.1    -2127.5      0.0      0.0      0.0 2018  8 31 20 52  1.40 -Inf   1
4591  30.918301  110.758301     4.430     8082.6    -4878.9    -1717.5      0.0      0.0      0.0 2018  9  8 16 12 52.49 -Inf   1
4614  30.886101  111.018204     4.130    32925.5    -8448.9    -2017.5      0.0      0.0      0.0 2018  9  9 21  3 31.64 -Inf   1
4637  30.763399  111.119499     1.400    42634.3   -22052.7    -4747.5      0.0      0.0      0.0 2018  9 11  1 49  2.29 -Inf   1
4673  31.168501  110.122398     6.230   -52618.2    22860.5       82.5      0.0      0.0      0.0 2018  9 12 20 39  4.84 -Inf   1
4688  30.970301  109.947304     0.820   -69400.7      886.3    -5327.5      0.0      0.0      0.0 2018  9 13  8 37 11.34 -Inf   1
4781  30.955099  110.516998     3.510   -14974.3     -799.1    -2637.5      0.0      0.0      0.0 2018  9 17  7 40 46.49 -Inf   1
4787  30.978800  110.813904     0.440    13392.1     1828.6    -5707.5      0.0      0.0      0.0 2018  9 17 14 43 48.75 -Inf   1
4843  30.876101  111.027100     3.630    33777.5    -9557.6    -2517.5      0.0      0.0      0.0 2018  9 20  0  4 35.10 -Inf   1
4880  31.056601  110.823097     2.810    14264.6    10454.3    -3337.5      0.0      0.0      0.0 2018  9 21 17 16  7.20 -Inf   1
4898  31.049000  110.466202     1.000   -19818.0     9611.6    -5147.5      0.0      0.0      0.0 2018  9 22 15  8 51.35 -Inf   1
4926  31.141399  110.794197    19.460    11499.7    19855.8    13312.5      0.0      0.0      0.0 2018  9 24  3 25 27.59 -Inf   1
4937  30.856400  111.113602     7.030    42050.0   -11741.8      882.5      0.0      0.0      0.0 2018  9 24 17 47  3.52 -Inf   1
4982  31.120199  110.225502     5.020   -42788.8    17505.4    -1127.5      0.0      0.0      0.0 2018  9 26 17 19 34.28 -Inf   1
4983  30.867800  111.110603     8.360    41761.0   -10477.9     2212.5      0.0      0.0      0.0 2018  9 26 21 39 45.96 -Inf   1
5027  30.773199  111.172600     1.130    47710.4   -20966.2    -5017.5      0.0      0.0      0.0 2018  9 28  9 36 41.16 -Inf   1
5037  30.849100  111.088600     7.860    39661.5   -12551.1     1712.5      0.0      0.0      0.0 2018  9 28 19 36 51.28 -Inf   1
5039  30.886999  111.147598     6.310    45292.8    -8349.3      162.5      0.0      0.0      0.0 2018  9 28 20 51 18.48 -Inf   1
5079  30.881300  111.035301     1.280    34560.5    -8981.1    -4867.5      0.0      0.0      0.0 2018  9 30 14 14 51.66 -Inf   1
5120  30.868200  111.170601     1.000    47496.0   -10433.5    -5147.5      0.0      0.0      0.0 2018 10  3  1 14 53.45 -Inf   1
5126  30.954399  110.268303    10.710   -38736.2     -876.7     4562.5      0.0      0.0      0.0 2018 10  3 14  8 37.52 -Inf   1
5139  30.982000  110.392403     0.470   -26875.1     2183.4    -5677.5      0.0      0.0      0.0 2018 10  4  3 54  0.02 -Inf   1
5146  30.952400  111.237099     3.970    53828.9    -1098.3    -2177.5      0.0      0.0      0.0 2018 10  4 16  0 28.40 -Inf   1
5163  31.077000  110.311897     0.420   -34548.9    12715.9    -5727.5      0.0      0.0      0.0 2018 10  6 12 26 55.04 -Inf   1
5165  30.927500  110.781898     7.210    10337.2    -3859.0     1062.5      0.0      0.0      0.0 2018 10  6 14  1 42.42 -Inf   1
5167  30.919600  110.770500     8.030     9248.4    -4734.9     1882.5      0.0      0.0      0.0 2018 10  6 14 40 16.67 -Inf   1
5171  30.782900  110.764702    10.270     8700.4   -19890.6     4122.5      0.0      0.0      0.0 2018 10  7  0 59 46.06 -Inf   1
5293  31.055201  110.461800     3.990   -20237.8    10299.0    -2157.5      0.0      0.0      0.0 2018 10 11  9 30 55.63 -Inf   1
5362  31.047600  110.446297     1.030   -21719.1     9456.3    -5117.5      0.0      0.0      0.0 2018 10 11 15 41 53.87 -Inf   1
5368  31.060499  110.477097     0.280   -18776.5    10886.5    -5867.5      0.0      0.0      0.0 2018 10 11 16 11 34.29 -Inf   1
5482  31.025801  110.469002     1.260   -19553.0     7039.5    -4887.5      0.0      0.0      0.0 2018 10 11 21 50 30.64 -Inf   1
5485  31.023500  110.455704     5.910   -20823.3     6784.5     -237.5      0.0      0.0      0.0 2018 10 11 22 28 13.64 -Inf   1
5521  31.063801  110.469902     1.000   -19463.2    11252.5    -5147.5      0.0      0.0      0.0 2018 10 12  4 53 55.52 -Inf   1
5537  31.044201  110.457703     2.000   -20630.2     9079.5    -4147.5      0.0      0.0      0.0 2018 10 12  7 47  1.59 -Inf   1
5649  31.079399  110.234901     0.990   -41900.4    12981.9    -5157.5      0.0      0.0      0.0 2018 10 13 16  3 41.50 -Inf   1
5655  31.039900  110.458900     2.970   -20516.3     8602.7    -3177.5      0.0      0.0      0.0 2018 10 13 19 21  5.44 -Inf   1
5707  31.039200  110.203102     6.330   -44946.1     8525.1      182.5      0.0      0.0      0.0 2018 10 14 13 48 52.28 -Inf   1
5761  31.029499  110.501999     2.030   -16401.1     7449.5    -4117.5      0.0      0.0      0.0 2018 10 15 11 37 59.55 -Inf   1
5818  31.039801  110.458504     6.710   -20554.2     8591.7      562.5      0.0      0.0      0.0 2018 10 16 16 18 26.45 -Inf   1
5873  31.057699  110.468903     9.100   -19559.2    10576.1     2952.5      0.0      0.0      0.0 2018 10 18 17 54 11.50 -Inf   1
5906  31.179501  110.516800     1.000   -14975.8    24080.0    -5147.5      0.0      0.0      0.0 2018 10 19 13  4 40.91 -Inf   1
5965  31.035999  110.467003     4.580   -19742.9     8170.2    -1567.5      0.0      0.0      0.0 2018 10 21 17 19 46.24 -Inf   1
5970  30.883600  111.127899     0.970    43410.7    -8726.1    -5177.5      0.0      0.0      0.0 2018 10 21 19 44  8.20 -Inf   1
5975  31.050600  110.442902     7.120   -22043.0     9789.0      972.5      0.0      0.0      0.0 2018 10 21 21 38 10.84 -Inf   1
6010  31.055700  110.469299     0.180   -19521.5    10354.4    -5967.5      0.0      0.0      0.0 2018 10 23 14 45 31.77 -Inf   1
6041  30.893400  111.134300     4.640    44020.3    -7639.6    -1507.5      0.0      0.0      0.0 2018 10 24 17 25 33.36 -Inf   1
6045  31.052299  110.463600     1.700   -20066.1     9977.4    -4447.5      0.0      0.0      0.0 2018 10 24 20 56 25.40 -Inf   1
6079  30.876699  111.162903     8.850    46758.0    -9491.2     2702.5      0.0      0.0      0.0 2018 10 28 12 24 52.14 -Inf   1
6109  31.043600  110.442802     7.060   -22053.3     9012.9      912.5      0.0      0.0      0.0 2018 10 29 16 42 36.99 -Inf   1
6157  30.872601  110.558601    10.150   -11004.0    -9945.6     4002.5      0.0      0.0      0.0 2018 10 31 10  7 28.25 -Inf   1
6192  31.027300  109.802498     1.000   -83210.5     7205.7    -5147.5      0.0      0.0      0.0 2018 11  2  4 17  4.79 -Inf   1
6233  30.891300  111.143799     6.390    44928.6    -7872.4      242.5      0.0      0.0      0.0 2018 11  3 18  3 11.36 -Inf   1
6259  30.964701  110.812798     2.000    13287.4      265.4    -4147.5      0.0      0.0      0.0 2018 11  5  5 17 46.91 -Inf   1
6298  31.035700  110.449402     4.600   -21423.9     8137.0    -1547.5      0.0      0.0      0.0 2018 11  6 17 57 34.48 -Inf   1
6357  31.045300  110.439201     4.440   -22397.0     9201.3    -1707.5      0.0      0.0      0.0 2018 11  9 21  4 28.26 -Inf   1
6361  30.890301  111.143501     7.070    44900.4    -7983.2      922.5      0.0      0.0      0.0 2018 11  9 23 52  9.56 -Inf   1
6375  30.929001  110.506302     7.280   -15998.5    -3692.6     1132.5      0.0      0.0      0.0 2018 11 10 12 18 26.48 -Inf   1
6376  30.884501  111.145897     6.810    45130.7    -8626.3      662.5      0.0      0.0      0.0 2018 11 10 12 32 48.19 -Inf   1
6380  31.015499  110.454498     4.780   -20939.3     5897.4    -1367.5      0.0      0.0      0.0 2018 11 10 15 37 50.31 -Inf   1
6393  30.887699  111.081100     2.310    38936.8    -8271.7    -3837.5      0.0      0.0      0.0 2018 11 10 22 57  1.32 -Inf   1
6415  31.093500  110.180496     1.000   -47091.8    14545.3    -5147.5      0.0      0.0      0.0 2018 11 11 16 16  7.77 -Inf   1
6438  30.885599  111.148102     8.190    45341.2    -8504.5     2042.5      0.0      0.0      0.0 2018 11 12 16 45  8.98 -Inf   1
6456  30.875700  111.134399     1.080    44033.8    -9602.0    -5067.5      0.0      0.0      0.0 2018 11 15 14  5 37.38 -Inf   1
6473  30.890301  111.128403     4.280    43457.3    -7983.2    -1867.5      0.0      0.0      0.0 2018 11 16 19  1 54.32 -Inf   1
6485  31.054800  110.501404     5.720   -16455.8    10254.6     -427.5      0.0      0.0      0.0 2018 11 17 10 58 43.93 -Inf   1
6498  30.889200  111.142097     6.220    44766.5    -8105.2       72.5      0.0      0.0      0.0 2018 11 18  6 39 15.08 -Inf   1
6527  31.040100  110.168701     6.120   -48231.3     8624.9      -27.5      0.0      0.0      0.0 2018 11 19 12 30 45.34 -Inf   1
6532  31.064800  110.306099     0.700   -35104.8    11363.3    -5447.5      0.0      0.0      0.0 2018 11 19 19 54 25.60 -Inf   1
6563  30.886299  111.020798     5.240    33173.4    -8426.9     -907.5      0.0      0.0      0.0 2018 11 20 20 38 57.48 -Inf   1
6576  30.879200  111.033600     2.440    34398.2    -9214.0    -3707.5      0.0      0.0      0.0 2018 11 21 13 11 16.37 -Inf   1
6583  30.885201  111.026398     4.500    33708.8    -8548.7    -1647.5      0.0      0.0      0.0 2018 11 21 19  9 49.36 -Inf   1
6594  30.933001  110.766800     1.390     8894.2    -3249.1    -4757.5      0.0      0.0      0.0 2018 11 22  4 48 50.12 -Inf   1
6614  30.770700  110.765900     8.820     8815.5   -21243.2     2672.5      0.0      0.0      0.0 2018 11 22 22 32 28.62 -Inf   1
6628  31.051800  110.454903     3.060   -20896.8     9922.0    -3087.5      0.0      0.0      0.0 2018 11 23 12 50  2.07 -Inf   1
6672  30.973700  111.282799     7.910    58189.0     1263.1     1762.5      0.0      0.0      0.0 2018 11 25  4 19 40.85 -Inf   1
6680  31.040400  110.461601     5.170   -20258.3     8658.1     -977.5      0.0      0.0      0.0 2018 11 25 11  8 10.30 -Inf   1
6717  30.750299  110.787399     8.140    10872.9   -23505.0     1992.5      0.0      0.0      0.0 2018 11 26 23 49 28.20 -Inf   1
6719  30.895500  111.183296     6.040    48702.6    -7406.8     -107.5      0.0      0.0      0.0 2018 11 27  0 34 38.69 -Inf   1
6730  30.747601  110.793800     7.480    11485.3   -23804.2     1332.5      0.0      0.0      0.0 2018 11 27  4 34 25.99 -Inf   1
6744  30.938000  110.527298     5.480   -13991.4    -2694.9     -667.5      0.0      0.0      0.0 2018 11 27 20 50 44.24 -Inf   1
6750  30.860399  111.095398     7.910    40309.0   -11298.4     1762.5      0.0      0.0      0.0 2018 11 28  3 23 21.12 -Inf   1
6828  30.881300  111.142799     6.290    44835.4    -8981.1      142.5      0.0      0.0      0.0 2018 11 30 11 27 22.35 -Inf   1
6830  30.884100  111.019798     5.560    33078.2    -8670.7     -587.5      0.0      0.0      0.0 2018 11 30 16  3 17.62 -Inf   1
6831  31.042999  110.460602     5.180   -20353.5     8946.3     -967.5      0.0      0.0      0.0 2018 11 30 16 40 14.37 -Inf   1
6835  31.129299  110.515198     7.950   -15132.6    18514.3     1802.5      0.0      0.0      0.0 2018 11 30 18 29 23.54 -Inf   1
6859  31.039801  110.453300     4.370   -21051.1     8591.7    -1777.5      0.0      0.0      0.0 2018 12  1 19 33 25.40 -Inf   1
6909  30.886101  111.019203     4.470    33021.0    -8448.9    -1677.5      0.0      0.0      0.0 2018 12  3 23 56 26.32 -Inf   1
6923  30.839399  111.248901     1.000    54988.8   -13626.6    -5147.5      0.0      0.0      0.0 2018 12  4  7 50 15.20 -Inf   1
6939  30.867001  110.908401     6.590    22432.8   -10566.5      442.5      0.0      0.0      0.0 2018 12  7  1 11 58.35 -Inf   1
6996  31.150999  109.892097    11.050   -74604.9    20920.1     4902.5      0.0      0.0      0.0 2018 12  9  3 54 53.31 -Inf   1
7004  30.898899  111.142403     2.000    44793.4    -7029.9    -4147.5      0.0      0.0      0.0 2018 12  9 14 56 13.44 -Inf   1
7016  31.163601  110.307701     3.750   -34933.9    22317.3    -2397.5      0.0      0.0      0.0 2018 12 10  1  1 30.88 -Inf   1
7035  30.922100  110.326401     9.270   -33190.7    -4457.7     3122.5      0.0      0.0      0.0 2018 12 10 16 56  2.27 -Inf   1
7047  30.927900  111.232399    12.000    53386.6    -3814.6     5852.5      0.0      0.0      0.0 2018 12 11  3 58 40.04 -Inf   1
7072  30.886400  111.026001     4.660    33670.7    -8415.7    -1487.5      0.0      0.0      0.0 2018 12 11 19 23  9.56 -Inf   1
7086  30.886299  111.027702     4.120    33833.3    -8426.9    -2027.5      0.0      0.0      0.0 2018 12 12 16 27 50.12 -Inf   1
7107  30.890301  111.136803     6.130    44260.2    -7983.2      -17.5      0.0      0.0      0.0 2018 12 13 13 31 11.70 -Inf   1
7109  30.886299  111.107399     3.470    41450.7    -8426.9    -2677.5      0.0      0.0      0.0 2018 12 13 16 13  0.79 -Inf   1
7110  30.874001  111.150497     8.550    45572.9    -9790.4     2402.5      0.0      0.0      0.0 2018 12 13 17 15 11.24 -Inf   1
7210  30.924601  110.790199     9.790    11130.6    -4180.4     3642.5      0.0      0.0      0.0 2018 12 17 10 31  4.11 -Inf   1
7214  30.917101  109.862396    10.940   -77533.9    -5011.9     4792.5      0.0      0.0      0.0 2018 12 17 16  5 57.42 -Inf   1
7234  30.886900  111.018700     5.270    32972.7    -8360.3     -877.5      0.0      0.0      0.0 2018 12 18 13 22 10.62 -Inf   1
7255  31.078899  109.834000     1.910   -80180.3    12926.5    -4237.5      0.0      0.0      0.0 2018 12 19  4 21 50.80 -Inf   1
7263  30.937000  110.517601     1.000   -14918.1    -2805.7    -5147.5      0.0      0.0      0.0 2018 12 19 12 26  0.25 -Inf   1
7264  30.842400  111.136597     8.880    44251.4   -13294.0     2732.5      0.0      0.0      0.0 2018 12 19 13  3 47.60 -Inf   1
7294  31.046700  110.452499     6.540   -21126.8     9356.5      392.5      0.0      0.0      0.0 2018 12 20 18 50 45.96 -Inf   1
7404  30.892300  111.130501     4.620    43657.4    -7761.6    -1527.5      0.0      0.0      0.0 2018 12 26 12 45 55.85 -Inf   1
7422  30.879101  111.052803     4.050    36233.8    -9224.9    -2097.5      0.0      0.0      0.0 2018 12 27 22  5 51.20 -Inf   1
7427  30.832600  111.271004    10.440    57103.8   -14380.5     4292.5      0.0      0.0      0.0 2018 12 28  3 10 50.31 -Inf   1
7428  31.155001  109.868301    10.900   -76874.6    21363.8     4752.5      0.0      0.0      0.0 2018 12 28  3 52 42.31 -Inf   1
7436  30.850700  111.186600     9.310    49029.7   -12373.7     3162.5      0.0      0.0      0.0 2018 12 28  8  9 23.73 -Inf   1
7437  30.885500  111.019600     4.300    33059.0    -8515.5    -1847.5      0.0      0.0      0.0 2018 12 28  9 35 26.20 -Inf   1
7442  30.895201  111.027802     4.820    33841.2    -7440.0    -1327.5      0.0      0.0      0.0 2018 12 28 23  3 27.74 -Inf   1
7469  30.899099  111.128700     4.450    43483.8    -7007.7    -1697.5      0.0      0.0      0.0 2018 12 30  2 27 20.19 -Inf   1
7510  31.156500  110.353798     2.570   -30535.4    21530.0    -3577.5      0.0      0.0      0.0 2018 12 31 10 18 47.50 -Inf   1
7515  31.043301  110.193298     4.820   -45881.4     8979.7    -1327.5      0.0      0.0      0.0 2018 12 31 18 20 52.84 -Inf   1
