44  30.812401  111.229698     8.240    53160.3   -16619.9     2092.5      0.0      0.0      0.0 2018  1  2  5 42 12.35 -Inf   1
128  31.076700  110.187103     6.490   -45867.8    12495.9      513.5      0.0      0.0      0.0 2018  1  6 13  7 30.29 -Inf   1
856  31.042801  110.431297     8.130   -22555.0     8737.5     2153.5      0.0      0.0      0.0 2018  2 19  2  8  3.40 -Inf   1
1261  30.928499  110.763397     8.770     9166.4    -3935.0     2793.5      0.0      0.0      0.0 2018  3 13  2  4 30.84 -Inf   1
1374  31.054100  110.811501    12.300    13754.1     9990.3     6323.5      0.0      0.0      0.0 2018  3 20 12 56 17.43 -Inf   1
1800  30.962700  109.982697    10.000   -66021.9       43.6     3852.5      0.0      0.0      0.0 2018  3 27  4 34 27.06 -Inf   1
1803  30.707500  110.943703     4.130    25828.5   -28250.1    -2017.5      0.0      0.0      0.0 2018  3 27  7  9 38.23 -Inf   1
1856  31.137899  110.034401     8.000   -61026.4    19467.8     1852.5      0.0      0.0      0.0 2018  3 29  4 15 16.34 -Inf   1
2015  30.935301  111.169800     0.770    47402.9    -2994.1    -5377.5      0.0      0.0      0.0 2018  4  5 12 29 25.54 -Inf   1
2172  30.988001  110.776001     1.000     9770.6     2848.7    -5147.5      0.0      0.0      0.0 2018  4 11 14 53 32.83 -Inf   1
1930  31.213600  110.072403     0.630   -56779.5    27673.9    -5346.5      0.0      0.0      0.0 2018  4 15  8 23  5.64 -Inf   1
2046  31.037600  110.446297     0.830   -21123.1     8160.9    -5146.5      0.0      0.0      0.0 2018  4 25 18 59 37.28 -Inf   1
2105  31.233200  110.074097     8.400   -56612.1    29846.9     2423.5      0.0      0.0      0.0 2018  4 29  7  8  5.89 -Inf   1
2521  30.852100  111.131203     6.410    43733.6   -12218.5      262.5      0.0      0.0      0.0 2018  5  3 23 18 31.36 -Inf   1
2541  31.232700  110.429298     6.290   -23320.0    29978.2      142.5      0.0      0.0      0.0 2018  5  4 17 27 33.18 -Inf   1
2232  30.880699  110.833000     6.920    15821.4    -9234.5      943.5      0.0      0.0      0.0 2018  5  7  4 47  6.68 -Inf   1
3157  30.813299  110.928902     0.640    24399.2   -16520.3    -5507.5      0.0      0.0      0.0 2018  6  2  3 13 30.26 -Inf   1
3181  30.847700  111.133698     6.810    43973.1   -12706.3      662.5      0.0      0.0      0.0 2018  6  2 23 48 39.24 -Inf   1
3514  31.125299  110.021301     8.000   -62280.9    18070.8     1852.5      0.0      0.0      0.0 2018  6 16  3 43 59.98 -Inf   1
3181  30.971001  110.726097     8.800     5600.8      777.1     2823.5      0.0      0.0      0.0 2018  6 21 10 35  0.05 -Inf   1
3648  30.842501  110.208199     1.000   -44504.7   -13282.8    -5147.5      0.0      0.0      0.0 2018  6 24  4 37 53.26 -Inf   1
3325  30.858200  111.135300     5.530    44720.9   -11729.0     -446.5      0.0      0.0      0.0 2018  7  2  0 57 31.85 -Inf   1
3908  30.915501  110.905296     1.000    22130.4    -5189.3    -5147.5      0.0      0.0      0.0 2018  7 13  5 21 26.10 -Inf   1
3993  30.949200  110.253601     5.030   -40142.0    -1453.2    -1117.5      0.0      0.0      0.0 2018  7 17 20 51 20.54 -Inf   1
4027  30.829700  111.252197     8.850    55306.6   -14701.9     2702.5      0.0      0.0      0.0 2018  7 20  8 47 59.92 -Inf   1
3957  31.083500  109.868797    18.000   -76258.4    13249.8    12023.5      0.0      0.0      0.0 2018  9  3  3 41 15.48 -Inf   1
4631  30.875601  111.122398     8.490    42886.7    -9613.0     2342.5      0.0      0.0      0.0 2018  9 10 16 56 48.22 -Inf   1
4454  30.823099  110.215599     0.800   -43203.7   -15620.6    -5176.5      0.0      0.0      0.0 2018  9 30  8 24 52.53 -Inf   1
4460  30.861401  111.113701     8.540    42655.5   -11374.1     2563.5      0.0      0.0      0.0 2018  9 30 14 43  2.35 -Inf   1
5227  30.920799  110.312500    10.400   -34519.4    -4601.9     4252.5      0.0      0.0      0.0 2018 10 10  4 11  7.80 -Inf   1
4869  30.891701  110.472603     9.650   -18624.9    -8014.8     3673.5      0.0      0.0      0.0 2018 10 12  5 14 49.59 -Inf   1
4967  30.873501  111.153900     6.990    46495.3   -10032.6     1013.5      0.0      0.0      0.0 2018 10 13  9 27 43.41 -Inf   1
5802  31.014200  110.430199    11.750   -23260.5     5753.4     5602.5      0.0      0.0      0.0 2018 10 16  4 45 19.46 -Inf   1
5940  31.032101  110.463898     3.810   -20039.8     7738.0    -2337.5      0.0      0.0      0.0 2018 10 20 17 42  0.28 -Inf   1
6132  30.829300  111.259697    10.050    56023.8   -14746.3     3902.5      0.0      0.0      0.0 2018 10 30  8 45 44.13 -Inf   1
6176  30.865400  111.098801     6.010    40633.2   -10743.9     -137.5      0.0      0.0      0.0 2018 11  1  8 38 30.99 -Inf   1
5616  31.038401  109.802200     8.000   -82636.5     8249.7     2023.5      0.0      0.0      0.0 2018 11  8  4  9 32.60 -Inf   1
5676  30.944901  111.219398     4.090    52736.5    -2116.6    -1886.5      0.0      0.0      0.0 2018 11 11  2 16 45.08 -Inf   1
6059  30.888399  111.141403     7.470    45297.3    -8380.8     1493.5      0.0      0.0      0.0 2018 11 29 17 20 30.40 -Inf   1
7050  31.085501  109.832397     3.400   -80330.5    13658.4    -2747.5      0.0      0.0      0.0 2018 12 11  4 26  0.35 -Inf   1
6359  30.841801  111.194099     8.270    50346.0   -13547.1     2293.5      0.0      0.0      0.0 2018 12 14 15 32 21.19 -Inf   1
7435  31.159700  110.319397     6.220   -33818.3    21884.8       72.5      0.0      0.0      0.0 2018 12 28  7 47 17.85 -Inf   1
6664  31.126699  109.849297     6.000   -78102.8    18039.3       23.5      0.0      0.0      0.0 2018 12 29  5  6 55.07 -Inf   1
