113  31.033899  110.120300    11.490   -52676.9     8008.2     5444.9      0.0      0.0      0.0 2018  1  6  7 29 44.00 -Inf   1
161  31.065001  110.187500     8.240   -46251.4    11456.4     2194.9      0.0      0.0      0.0 2018  1  7  5 44 21.80 -Inf   1
229  30.758101  111.184998     6.310    49497.3   -22826.9      333.5      0.0      0.0      0.0 2018  1 11  5 28 52.44 -Inf   1
273  30.680000  111.056702     4.000    37241.8   -31485.8    -1976.5      0.0      0.0      0.0 2018  1 13  3 26 37.31 -Inf   1
502  31.221600  110.061302     7.060   -58433.1    28747.5      912.5      0.0      0.0      0.0 2018  1 19  7 11 18.90 -Inf   1
602  31.129000  110.000801     4.000   -64236.7    18481.1    -2147.5      0.0      0.0      0.0 2018  1 22  9 46 40.28 -Inf   1
530  31.041901  110.450798     2.130   -21111.2     8895.3    -3915.1      0.0      0.0      0.0 2018  1 22 19 20 38.36 -Inf   1
641  30.938900  110.760696    10.140     8310.7    -2595.1     3992.5      0.0      0.0      0.0 2018  1 23 12  5  0.08 -Inf   1
680  31.246500  110.341103     4.270   -31553.8    31579.0    -1775.1      0.0      0.0      0.0 2018  1 31  4 11  5.81 -Inf   1
1002  31.227501  110.030296     1.000   -60792.7    29215.0    -4976.5      0.0      0.0      0.0 2018  3  1  4 24  4.43 -Inf   1
1548  31.243200  110.073601     8.130   -57253.2    31142.4     1982.5      0.0      0.0      0.0 2018  3 14  5 45 21.20 -Inf   1
1321  30.940701  110.741096    12.580     7034.9    -2582.2     6603.5      0.0      0.0      0.0 2018  3 17  0 15 35.85 -Inf   1
1777  30.877701  110.752296     5.050     7510.4    -9380.2    -1097.5      0.0      0.0      0.0 2018  3 26  4 50 25.00 -Inf   1
1932  31.060699  110.811203     6.770    13128.5    10908.7      622.5      0.0      0.0      0.0 2018  4  2  4  6 22.20 -Inf   1
1761  30.864401  111.116402     5.750    42913.0   -11041.5     -226.5      0.0      0.0      0.0 2018  4  7 23 35 17.56 -Inf   1
1978  30.912901  110.510002     7.270   -15048.7    -5664.3     1293.5      0.0      0.0      0.0 2018  4 18 12 49 18.60 -Inf   1
2297  30.969999  110.013901    10.000   -63038.2      852.9     3852.5      0.0      0.0      0.0 2018  4 18 22 37 51.24 -Inf   1
2345  30.922701  111.227997     6.780    52967.4    -4391.1      632.5      0.0      0.0      0.0 2018  4 24  9 18 41.82 -Inf   1
2473  31.067499  110.454300     6.800   -20952.6    11662.6      652.5      0.0      0.0      0.0 2018  5  1  3  0 39.40 -Inf   1
2182  30.864700  110.946800     4.070    26700.8   -11008.3    -1906.5      0.0      0.0      0.0 2018  5  4  4 33 42.81 -Inf   1
2537  31.234100  110.062103     3.860   -58352.9    30133.5    -2287.5      0.0      0.0      0.0 2018  5  4  8 43 34.55 -Inf   1
2361  30.810301  111.167999    10.350    47858.6   -17039.5     4373.5      0.0      0.0      0.0 2018  5 14  2 16 21.87 -Inf   1
2791  30.944000  110.757004    12.090     7957.6    -2029.6     5942.5      0.0      0.0      0.0 2018  5 17 10 27  5.24 -Inf   1
3021  31.170300  110.360603     6.510   -29883.7    23059.9      362.5      0.0      0.0      0.0 2018  5 26 11  5  4.88 -Inf   1
2652  30.844400  111.141502     5.790    44899.1   -13001.3     -255.1      0.0      0.0      0.0 2018  5 28  9 27 51.31 -Inf   1
2757  31.226900  110.050400     4.000   -58874.8    29148.4    -1976.5      0.0      0.0      0.0 2018  6  1  9 29 14.49 -Inf   1
2736  30.843100  111.129700     6.830    43771.0   -13145.5      784.9      0.0      0.0      0.0 2018  6  2  3 10 38.10 -Inf   1
2930  30.986601  110.152802     4.810   -49166.1     2506.7    -1166.5      0.0      0.0      0.0 2018  6  9  5 54 20.05 -Inf   1
3050  30.851900  111.141098     6.540    45276.7   -12427.4      563.5      0.0      0.0      0.0 2018  6 14  0 28 35.47 -Inf   1
3493  31.137600  110.045303     8.000   -59985.8    19434.6     1852.5      0.0      0.0      0.0 2018  6 15  6 54 58.22 -Inf   1
3243  30.982800  109.965698     8.000   -67041.2     2085.2     2023.5      0.0      0.0      0.0 2018  6 26  4  4 38.03 -Inf   1
3682  31.139601  110.054497     2.000   -59107.6    19656.4    -4147.5      0.0      0.0      0.0 2018  6 26 10 24 50.14 -Inf   1
3691  30.849800  110.433601     1.000   -22955.0   -12473.5    -5147.5      0.0      0.0      0.0 2018  6 27  3 46 26.90 -Inf   1
3299  30.929199  110.758499     9.570     8280.0    -3599.8     3524.9      0.0      0.0      0.0 2018  7  4 10 56 22.45 -Inf   1
3991  30.952299  110.255402     7.960   -39969.3    -1109.5     1812.5      0.0      0.0      0.0 2018  7 17 19 58 19.98 -Inf   1
3535  31.022100  110.533501     9.790   -13214.2     6700.1     3744.9      0.0      0.0      0.0 2018  7 22 17  7 22.40 -Inf   1
4163  30.978600  110.385498     1.180   -27535.2     1806.4    -4967.5      0.0      0.0      0.0 2018  7 31 10 30 21.06 -Inf   1
4503  31.075500  109.842300     4.000   -79389.1    12549.7    -2147.5      0.0      0.0      0.0 2018  9  1  2 18 25.51 -Inf   1
4659  31.098801  109.856400    16.000   -78033.4    15132.9     9852.5      0.0      0.0      0.0 2018  9 12  3 50 39.34 -Inf   1
4753  31.105499  109.933502    16.330   -70669.6    15875.6    10182.5      0.0      0.0      0.0 2018  9 16  4 52 57.89 -Inf   1
4307  30.881901  111.017197     5.510    33008.9    -8843.7     -535.1      0.0      0.0      0.0 2018  9 26 13 59 17.28 -Inf   1
4387  31.135000  110.037300    10.280   -60572.1    19217.2     4234.9      0.0      0.0      0.0 2018 10  1  3 40 39.50 -Inf   1
4586  31.126400  110.015800    10.210   -62208.5    18006.1     4233.5      0.0      0.0      0.0 2018 10  9  8 47 49.95 -Inf   1
4561  31.039700  110.457397     6.450   -20481.1     8651.3      404.9      0.0      0.0      0.0 2018 10 11  9 24 46.45 -Inf   1
5464  31.041401  110.456299     9.780   -20764.6     8769.1     3632.5      0.0      0.0      0.0 2018 10 11 20 43 23.08 -Inf   1
5468  31.046600  110.459602     8.780   -20448.5     9345.5     2632.5      0.0      0.0      0.0 2018 10 11 20 57 59.20 -Inf   1
4896  31.120001  109.957397    10.280   -67785.9    17296.6     4303.5      0.0      0.0      0.0 2018 10 12  9 51 45.54 -Inf   1
5060  31.036400  110.454697     7.980   -20739.4     8285.4     1934.9      0.0      0.0      0.0 2018 10 17  9 43 23.53 -Inf   1
5845  31.096300  109.886803    14.000   -75131.7    14855.7     7852.5      0.0      0.0      0.0 2018 10 17 10  9 43.58 -Inf   1
5251  30.839600  111.140900     6.930    44842.6   -13533.6      884.9      0.0      0.0      0.0 2018 10 28  0  6 20.26 -Inf   1
5393  31.042000  110.435204     6.660   -22600.5     8906.3      614.9      0.0      0.0      0.0 2018 11  5  6 32 42.74 -Inf   1
5703  30.845600  111.251099     8.760    55794.1   -13125.9     2783.5      0.0      0.0      0.0 2018 11 12  2 15  5.11 -Inf   1
5918  31.023899  109.759903     6.000   -86682.6     6641.9       23.5      0.0      0.0      0.0 2018 11 24  4  5 51.06 -Inf   1
6649  31.177799  110.326500    15.040   -33137.2    23891.4     8892.5      0.0      0.0      0.0 2018 11 24  8 45 59.94 -Inf   1
6729  31.155600  109.862396    10.590   -77438.0    21430.2     4442.5      0.0      0.0      0.0 2018 11 27  4 28 21.34 -Inf   1
6171  30.845900  111.257401     2.420    56396.5   -13092.7    -3556.5      0.0      0.0      0.0 2018 12  4  7 49 10.16 -Inf   1
5962  31.047501  110.460503     8.300   -20183.8     9516.2     2254.9      0.0      0.0      0.0 2018 12  7  3 53 49.79 -Inf   1
6962  31.072500  110.200104     8.420   -45224.6    12217.0     2272.5      0.0      0.0      0.0 2018 12  7 20  5  0.40 -Inf   1
6144  31.045900  110.436096     4.680   -22514.8     9338.8    -1365.1      0.0      0.0      0.0 2018 12 15 10  5 16.76 -Inf   1
6385  31.052500  110.769501     6.160     9743.4     9812.8      183.5      0.0      0.0      0.0 2018 12 15 11  3 29.68 -Inf   1
7259  31.157801  110.011803    16.600   -63177.0    21674.2    10452.5      0.0      0.0      0.0 2018 12 19  6 17 43.88 -Inf   1
6560  30.846901  111.135696     7.140    44761.4   -12981.7     1163.5      0.0      0.0      0.0 2018 12 23 23 21  6.52 -Inf   1
7456  31.157600  110.319901     5.230   -33770.6    21652.0     -917.5      0.0      0.0      0.0 2018 12 29  6 25 56.84 -Inf   1
6670  30.882200  111.143501     7.220    45499.3    -9068.1     1243.5      0.0      0.0      0.0 2018 12 29 11 48 24.39 -Inf   1
