38  30.938299  111.199203    12.560    50390.8    -2590.9     6514.9      0.0      0.0      0.0 2018  1  2  9 29 17.76 -Inf   1
48  30.939800  110.767601     9.800     9149.3    -2424.4     3754.9      0.0      0.0      0.0 2018  1  2 17 41 45.50 -Inf   1
253  30.926500  110.759399     9.810     8366.2    -3899.0     3764.9      0.0      0.0      0.0 2018  1 12  4 47  8.76 -Inf   1
308  31.202900  110.377899     1.000   -27631.6    26487.5    -4976.5      0.0      0.0      0.0 2018  1 14  6 40 59.10 -Inf   1
310  31.169901  110.387703     1.000   -26700.7    22829.0    -4976.5      0.0      0.0      0.0 2018  1 14  6 52 17.42 -Inf   1
338  30.941500  110.764900    10.350     9309.4    -2493.6     4373.5      0.0      0.0      0.0 2018  1 14 20 49 17.70 -Inf   1
360  31.057501  110.068001     8.000   -57664.8    10624.9     1954.9      0.0      0.0      0.0 2018  1 16  0  7 39.02 -Inf   1
461  30.982901  109.973999     8.000   -66248.2     2096.5     2023.5      0.0      0.0      0.0 2018  1 20  8 42 47.67 -Inf   1
551  30.752501  110.856796     8.400    18107.9   -23447.8     2423.5      0.0      0.0      0.0 2018  1 23  7 17 35.14 -Inf   1
553  30.927500  110.758003     8.660     8232.7    -3788.2     2614.9      0.0      0.0      0.0 2018  1 23  9 52 30.61 -Inf   1
842  31.079201  110.136597     4.530   -50689.8    12773.1    -1446.5      0.0      0.0      0.0 2018  2 17 17 26  2.46 -Inf   1
988  31.046900  110.445702     5.100   -21179.0     9192.0     -876.5      0.0      0.0      0.0 2018  2 28  9  7 26.41 -Inf   1
1332  30.931499  110.754204    10.550     7869.5    -3344.7     4504.9      0.0      0.0      0.0 2018  3 17  1 46 53.24 -Inf   1
1359  30.941601  111.167397     0.810    47768.5    -2482.4    -5166.5      0.0      0.0      0.0 2018  3 19  2  0 15.94 -Inf   1
1385  31.209801  110.312103     7.290   -33908.8    27252.6     1313.5      0.0      0.0      0.0 2018  3 21  6 25 35.69 -Inf   1
1391  30.971800  110.392700     1.060   -26250.8      865.7    -4916.5      0.0      0.0      0.0 2018  3 21 10  1  6.69 -Inf   1
1445  30.848499  111.134804     6.260    44257.7   -12546.9      214.9      0.0      0.0      0.0 2018  3 24  1 33 19.80 -Inf   1
1451  31.031799  110.406898    16.960   -25305.0     7775.4    10914.9      0.0      0.0      0.0 2018  3 24  9 38 10.93 -Inf   1
1483  31.028099  110.574898    11.860    -8841.7     7107.6     5883.5      0.0      0.0      0.0 2018  3 25 20 22 14.72 -Inf   1
1489  30.847401  111.146698     5.820    45395.1   -12668.7     -225.1      0.0      0.0      0.0 2018  3 26  7 47 11.78 -Inf   1
1542  31.126200  110.394402     2.020   -26067.3    17983.9    -3956.5      0.0      0.0      0.0 2018  3 28  6 18 40.94 -Inf   1
1656  30.977900  109.983101    12.000   -65380.4     1542.0     6023.5      0.0      0.0      0.0 2018  4  2  4 23 49.13 -Inf   1
1688  30.787001  111.178398     7.000    48440.7   -19365.2      954.9      0.0      0.0      0.0 2018  4  4  3 42 42.28 -Inf   1
1736  31.208799  110.303398     2.020   -35157.8    27399.2    -4025.1      0.0      0.0      0.0 2018  4  7 17 55 36.00 -Inf   1
1742  30.824200  111.101196     4.260    41050.1   -15240.9    -1785.1      0.0      0.0      0.0 2018  4  8  6 12 43.11 -Inf   1
1851  30.850599  111.126297     6.390    43444.0   -12314.1      344.9      0.0      0.0      0.0 2018  4 12  4  8 11.80 -Inf   1
1941  30.826000  111.246399     8.910    55350.4   -15298.9     2933.5      0.0      0.0      0.0 2018  4 16  3 14 13.02 -Inf   1
1996  30.874901  111.014198     5.530    33141.6    -9877.4     -446.5      0.0      0.0      0.0 2018  4 19 22 39 29.40 -Inf   1
2085  30.844200  111.134499     6.600    44229.5   -13023.5      554.9      0.0      0.0      0.0 2018  4 30  1 11 33.20 -Inf   1
2100  30.969400  109.964798     8.000   -67551.0      857.3     1954.9      0.0      0.0      0.0 2018  4 30 11 28 29.87 -Inf   1
2156  31.293600  110.853302     2.000    17723.8    36543.4    -3976.5      0.0      0.0      0.0 2018  5  2  3 44 39.03 -Inf   1
2227  30.842501  111.147202     6.500    45444.3   -13211.9      454.9      0.0      0.0      0.0 2018  5  8  3 29  2.58 -Inf   1
2347  30.846001  111.147102     6.770    45434.0   -12823.9      724.9      0.0      0.0      0.0 2018  5 14 23  4 30.96 -Inf   1
2420  30.844700  111.143700     6.030    45527.1   -13225.7       53.5      0.0      0.0      0.0 2018  5 17  1 30 12.70 -Inf   1
2424  30.861500  111.129501     7.250    44165.9   -11363.1     1273.5      0.0      0.0      0.0 2018  5 17  4 59 12.08 -Inf   1
2448  30.926600  110.761299    10.370     8966.0    -4145.6     4393.5      0.0      0.0      0.0 2018  5 17 12  6 48.32 -Inf   1
2445  30.848400  111.138496     5.760    44610.8   -12557.9     -285.1      0.0      0.0      0.0 2018  5 18  9 53  0.04 -Inf   1
2492  30.938499  110.760300    11.220     8869.9    -2826.3     5243.5      0.0      0.0      0.0 2018  5 18 17 52 28.74 -Inf   1
2544  30.942600  110.763901    10.980     9213.8    -2371.6     5003.5      0.0      0.0      0.0 2018  5 20  2 58 31.95 -Inf   1
2662  30.857500  111.137398     5.970    44921.6   -11806.6       -6.5      0.0      0.0      0.0 2018  5 27  4 30 46.34 -Inf   1
2689  30.967600  109.984703     8.000   -65230.8      400.1     2023.5      0.0      0.0      0.0 2018  5 28 10 48 17.40 -Inf   1
2744  30.986000  110.030502     8.000   -60849.4     2440.1     2023.5      0.0      0.0      0.0 2018  5 31  8 44 50.94 -Inf   1
2763  31.116600  110.635201     0.470    -3498.8    17177.2    -5575.1      0.0      0.0      0.0 2018  6  3  3 29 24.25 -Inf   1
2786  30.857700  111.135002     6.540    44274.6   -11526.8      494.9      0.0      0.0      0.0 2018  6  4  4 24  9.75 -Inf   1
2855  30.931900  110.760002    10.740     8841.8    -3557.9     4763.5      0.0      0.0      0.0 2018  6  5 10 34 16.47 -Inf   1
2831  31.188900  110.312897     3.220   -34255.0    25193.0    -2825.1      0.0      0.0      0.0 2018  6  6  0 10 15.84 -Inf   1
2838  30.848900  111.137199     6.460    44486.7   -12502.5      414.9      0.0      0.0      0.0 2018  6  6  5 32 24.02 -Inf   1
2967  31.112101  110.812103    11.440    13807.5    16420.7     5463.5      0.0      0.0      0.0 2018  6 11  5 34 13.00 -Inf   1
2923  31.118299  110.803299    12.660    12548.7    17365.6     6614.9      0.0      0.0      0.0 2018  6 11  5 36  6.12 -Inf   1
2944  31.081499  110.168503     1.230   -48061.3    13285.6    -4815.1      0.0      0.0      0.0 2018  6 11  6 21 40.72 -Inf   1
3012  30.849501  111.138000     5.700    44563.1   -12435.9     -345.1      0.0      0.0      0.0 2018  6 14  8 19 28.46 -Inf   1
3139  31.122299  110.135201     1.000   -50811.7    17551.4    -4976.5      0.0      0.0      0.0 2018  6 18 21 52 57.56 -Inf   1
3158  31.109400  110.628601    10.760    -4129.0    16378.9     4714.9      0.0      0.0      0.0 2018  6 23  8  8 12.21 -Inf   1
3231  30.847200  111.138496     7.110    45029.1   -12948.5     1133.5      0.0      0.0      0.0 2018  6 25  0  5 31.71 -Inf   1
3183  31.189800  110.378799     4.040   -27965.7    25292.8    -2005.1      0.0      0.0      0.0 2018  6 25  8 13 34.03 -Inf   1
3265  31.062000  110.814400     1.000    14030.4    10866.1    -4976.5      0.0      0.0      0.0 2018  6 27 10 52 29.08 -Inf   1
3286  31.111700  110.046402    10.000   -59291.8    16376.3     4023.5      0.0      0.0      0.0 2018  6 29  1 24 20.82 -Inf   1
3232  31.135500  110.049400     4.000   -59416.9    19272.6    -2045.1      0.0      0.0      0.0 2018  6 29  3 31  4.94 -Inf   1
3247  31.214500  110.055901     0.650   -58772.2    28031.3    -5395.1      0.0      0.0      0.0 2018  6 30  3 57 24.24 -Inf   1
3352  31.166901  110.378998     1.920   -27950.1    22753.9    -4125.1      0.0      0.0      0.0 2018  7  6 11 53 20.08 -Inf   1
3505  31.126301  110.622704     9.620    -4273.6    17995.1     3643.5      0.0      0.0      0.0 2018  7 16  9 28 37.92 -Inf   1
3628  30.887199  110.140297     1.000   -50386.6    -8513.8    -4976.5      0.0      0.0      0.0 2018  7 25 19 27 58.80 -Inf   1
3910  31.039801  110.440102     7.020   -21714.5     8404.9     1043.5      0.0      0.0      0.0 2018  8 29 20 16 47.80 -Inf   1
3899  31.023899  110.466003    12.130   -19660.8     6899.5     6084.9      0.0      0.0      0.0 2018  9  1  3 47  4.74 -Inf   1
4171  30.964899  110.590103     0.350    -7391.8      100.6    -5626.5      0.0      0.0      0.0 2018  9 16  9  5 29.96 -Inf   1
4201  31.024200  110.473099     1.000   -18564.7     6675.3    -4976.5      0.0      0.0      0.0 2018  9 18  3 37 48.87 -Inf   1
4203  30.884300  110.714104     1.000     4457.0    -8835.3    -4976.5      0.0      0.0      0.0 2018  9 18  3 57  5.75 -Inf   1
4513  31.097500  109.866203    16.000   -76919.5    15059.5     9954.9      0.0      0.0      0.0 2018 10 11  4 43 41.82 -Inf   1
4740  31.043900  110.466797     1.340   -19164.7     8859.3    -4636.5      0.0      0.0      0.0 2018 10 11 17 56 26.84 -Inf   1
4775  31.043800  110.451897     9.040   -21006.0     9105.9     2994.9      0.0      0.0      0.0 2018 10 12  6 15 46.46 -Inf   1
5000  31.032301  110.459503     5.930   -20280.8     7831.0     -115.1      0.0      0.0      0.0 2018 10 15 16  4 22.18 -Inf   1
5178  30.744301  110.966003     1.720    28554.2   -24356.8    -4256.5      0.0      0.0      0.0 2018 10 17  9 34  0.45 -Inf   1
5184  31.185801  110.458199     7.180   -19971.1    24591.8     1203.5      0.0      0.0      0.0 2018 10 17 14 11 39.35 -Inf   1
5215  31.026199  109.799202     8.000   -83347.3     7154.5     1954.9      0.0      0.0      0.0 2018 10 24  3 50 24.73 -Inf   1
5219  30.969500  110.109001     6.340   -53774.0      868.3      294.9      0.0      0.0      0.0 2018 10 24  5  7  2.43 -Inf   1
5401  30.766100  110.997597     1.000    31572.5   -21940.0    -4976.5      0.0      0.0      0.0 2018 10 28  6 23 36.95 -Inf   1
5295  31.154100  110.842598    10.570    16297.4    21334.8     4524.9      0.0      0.0      0.0 2018 10 30  5 13  8.80 -Inf   1
5615  31.049801  109.789497    12.000   -83844.7     9513.6     6023.5      0.0      0.0      0.0 2018 11  8  3 57 38.18 -Inf   1
5465  30.751900  110.504402     4.000   -16015.8   -23256.8    -2045.1      0.0      0.0      0.0 2018 11  9  5  9 49.17 -Inf   1
5641  31.135000  109.868103     7.020   -76304.3    18959.6     1043.5      0.0      0.0      0.0 2018 11  9  6 44 12.70 -Inf   1
5735  31.048500  110.071701     1.000   -56895.3     9369.4    -4976.5      0.0      0.0      0.0 2018 11 15 17 44 38.12 -Inf   1
5608  31.227100  109.985199    10.000   -65514.1    29428.2     3954.9      0.0      0.0      0.0 2018 11 19  6  8 50.64 -Inf   1
5807  31.138599  110.301300     1.000   -34952.5    19358.6    -4976.5      0.0      0.0      0.0 2018 11 19 16 33 55.31 -Inf   1
5659  31.304001  110.148598     2.000   -49904.1    37954.1    -4045.1      0.0      0.0      0.0 2018 11 21  7 38 39.36 -Inf   1
6015  31.094101  109.840401    12.000   -78965.4    14425.1     6023.5      0.0      0.0      0.0 2018 11 28  4  6  4.39 -Inf   1
6065  31.028500  109.821602     3.180   -81206.9     7409.6    -2865.1      0.0      0.0      0.0 2018 12 11  9 35 36.19 -Inf   1
6320  31.155100  110.304398     1.000   -34653.9    21188.0    -4976.5      0.0      0.0      0.0 2018 12 12 11 36 33.01 -Inf   1
6424  31.081699  110.302696     1.000   -34829.6    13050.2    -4976.5      0.0      0.0      0.0 2018 12 17  5  1 13.37 -Inf   1
6437  30.846100  111.177902     7.800    48796.5   -13070.5     1823.5      0.0      0.0      0.0 2018 12 17 16 28 15.17 -Inf   1
6594  31.154200  110.302101     1.000   -34873.2    21088.2    -4976.5      0.0      0.0      0.0 2018 12 25  5  5 48.94 -Inf   1
