8  30.992100  110.775803     1.000    10348.4     3116.4    -4976.5      0.0      0.0      0.0 2018  1  1  3 35  7.51 -Inf   1
137  31.055599  110.195396     5.660   -45080.9    10156.5     -316.5      0.0      0.0      0.0 2018  1  6 18 53 42.64 -Inf   1
354  30.975500  110.013496    12.000   -62477.4     1276.0     6023.5      0.0      0.0      0.0 2018  1 15  5 56 35.50 -Inf   1
440  30.992100  110.764702     1.830     9288.0     3116.4    -4146.5      0.0      0.0      0.0 2018  1 19  9 49 53.92 -Inf   1
483  31.194799  110.536003     1.000   -12545.6    25589.4    -4976.5      0.0      0.0      0.0 2018  1 20 21 18 19.88 -Inf   1
506  30.990700  110.776703     1.000    10434.5     2961.1    -4976.5      0.0      0.0      0.0 2018  1 21 20 49 55.00 -Inf   1
587  30.970900  109.951797     8.000   -68373.4      765.9     2023.5      0.0      0.0      0.0 2018  1 24  8 10 51.04 -Inf   1
672  31.183100  110.352898     1.000   -30020.4    24292.3    -4976.5      0.0      0.0      0.0 2018  1 29 12 56  7.35 -Inf   1
991  30.964399  110.479401     7.210   -17968.4       45.2     1233.5      0.0      0.0      0.0 2018  2 28 10 43 52.64 -Inf   1
1001  31.092199  110.408997    10.580   -24678.4    14214.3     4603.5      0.0      0.0      0.0 2018  3  1  2 14 28.69 -Inf   1
1007  30.935400  110.756500    10.910     8507.0    -3169.9     4933.5      0.0      0.0      0.0 2018  3  1 12  7 57.12 -Inf   1
1076  30.872601  110.138496     1.000   -50562.5   -10132.4    -4976.5      0.0      0.0      0.0 2018  3  2 19  6 32.74 -Inf   1
1260  30.928900  110.756104     9.690     8469.4    -3890.6     3713.5      0.0      0.0      0.0 2018  3 13  2  2 19.07 -Inf   1
1379  30.966999  110.010300    12.000   -62785.6      333.5     6023.5      0.0      0.0      0.0 2018  3 21  1 44 12.55 -Inf   1
1436  30.597099  110.867699    14.000     5367.0    -3440.5     4346.7      0.0      0.0      0.0 2018  3 23  8 54  1.22 -Inf   2
1454  30.962200  110.009903    14.000   -62825.0     -198.6     8023.5      0.0      0.0      0.0 2018  3 24  8 19 48.03 -Inf   1
1470  31.056400  110.115196     4.160   -52739.4    10245.3    -1816.5      0.0      0.0      0.0 2018  3 25  1 39 17.76 -Inf   1
1550  31.083200  110.136803     2.920   -50669.0    13216.6    -3056.5      0.0      0.0      0.0 2018  3 28 15  7 46.72 -Inf   1
1583  30.870600  111.207703    15.140    51638.8   -10354.2     9163.5      0.0      0.0      0.0 2018  3 30  4 55  3.10 -Inf   1
1615  30.867201  111.151299    11.650    46248.1   -10731.1     5673.5      0.0      0.0      0.0 2018  3 31 10 12 34.31 -Inf   1
1633  31.158300  110.333702     1.000   -31856.4    21542.8    -4976.5      0.0      0.0      0.0 2018  4  1 13 49 14.66 -Inf   1
1676  31.143499  110.268303     1.000   -38101.3    19901.9    -4976.5      0.0      0.0      0.0 2018  4  2 21  0 34.24 -Inf   1
1690  30.710501  110.837402     7.700    16256.5   -28104.2     1723.5      0.0      0.0      0.0 2018  4  3  7 25 24.21 -Inf   1
1734  30.862499  111.120796     5.510    43333.5   -11252.3     -466.5      0.0      0.0      0.0 2018  4  5 23 39 58.66 -Inf   1
1740  31.019400  110.456497     1.000   -20150.9     6143.1    -4976.5      0.0      0.0      0.0 2018  4  6  7 43 41.98 -Inf   1
1745  31.290100  110.319901     3.000   -33150.9    36155.3    -2976.5      0.0      0.0      0.0 2018  4  6  8 18 33.31 -Inf   1
1763  31.129101  110.056999     1.000   -58274.9    18305.5    -4976.5      0.0      0.0      0.0 2018  4  8  3 56 20.15 -Inf   1
1781  30.770399  110.851898     0.520    17637.8   -21463.4    -5456.5      0.0      0.0      0.0 2018  4  9  3 59 17.59 -Inf   1
1800  31.073700  110.168900     1.720   -47606.7    12163.3    -4256.5      0.0      0.0      0.0 2018  4  9 22 31 10.20 -Inf   1
1805  30.848600  111.126503     5.430    43882.2   -12793.3     -546.5      0.0      0.0      0.0 2018  4 10  3  1 20.94 -Inf   1
1807  30.879101  111.124298     4.320    43664.5    -9411.7    -1656.5      0.0      0.0      0.0 2018  4 10  3 56 48.55 -Inf   1
1928  30.953199  109.997803     8.000   -63984.1    -1196.5     2023.5      0.0      0.0      0.0 2018  4 15  7 59 21.94 -Inf   1
1940  30.819401  111.237396    10.770    54491.5   -16030.6     4793.5      0.0      0.0      0.0 2018  4 16  3 13 29.01 -Inf   1
2026  31.149401  110.369003     1.000   -28488.4    20556.1    -4976.5      0.0      0.0      0.0 2018  4 23  6 20 40.75 -Inf   1
2081  31.200800  110.817802     1.290    14344.9    26254.7    -4686.5      0.0      0.0      0.0 2018  4 27 10  4 19.96 -Inf   1
2091  30.998199  110.049599     1.000   -59021.4     3792.6    -4976.5      0.0      0.0      0.0 2018  4 28  7 15 47.70 -Inf   1
2101  31.125601  110.632202     0.210    -3366.9    17917.5    -5766.5      0.0      0.0      0.0 2018  4 29  1 26  1.37 -Inf   1
2106  30.870501  110.879799     4.680    20295.6   -10365.2    -1296.5      0.0      0.0      0.0 2018  4 29  7 33  9.29 -Inf   1
2110  31.189400  110.299698     0.060   -35096.2    24990.8    -5916.5      0.0      0.0      0.0 2018  4 29 18 39 47.38 -Inf   1
2128  30.863899  111.196404    12.200    50560.5   -11097.1     6223.5      0.0      0.0      0.0 2018  4 30 10 17 25.54 -Inf   1
2130  30.976101  109.957901     4.000   -67788.5     1342.6    -1976.5      0.0      0.0      0.0 2018  4 30 11 21 35.01 -Inf   1
2144  31.174999  110.201797     5.340   -44442.0    23394.2     -636.5      0.0      0.0      0.0 2018  5  1 11 14 41.82 -Inf   1
2176  30.833599  111.228996     2.590    53684.5   -14456.4    -3386.5      0.0      0.0      0.0 2018  5  4  2 21 50.60 -Inf   1
2238  30.938299  111.167999     0.750    47826.9    -2848.5    -5226.5      0.0      0.0      0.0 2018  5  7 13  9  9.65 -Inf   1
2254  30.944099  110.020103     1.000   -61856.3    -2205.4    -4976.5      0.0      0.0      0.0 2018  5  8  6 37  6.34 -Inf   1
2270  30.820101  111.248901     8.660    55591.4   -15953.0     2683.5      0.0      0.0      0.0 2018  5  9  3 25 26.72 -Inf   1
2283  30.779100  111.177002     7.230    48727.3   -20498.7     1253.5      0.0      0.0      0.0 2018  5  9  9 58 31.23 -Inf   1
2332  31.194700  110.344704     0.670   -30800.5    25578.4    -5306.5      0.0      0.0      0.0 2018  5 12 16  3 51.13 -Inf   1
2487  30.962299  110.478302     7.780   -18073.6     -187.6     1803.5      0.0      0.0      0.0 2018  5 18 11 19 59.87 -Inf   1
2531  30.750799  111.119102     6.410    43196.5   -23636.4      433.5      0.0      0.0      0.0 2018  5 20  1 47 50.59 -Inf   1
2556  30.726200  111.230003     2.000    53810.6   -26363.6    -3976.5      0.0      0.0      0.0 2018  5 20 10 34 18.88 -Inf   1
2563  30.866600  111.247101     9.510    55405.9   -10797.7     3533.5      0.0      0.0      0.0 2018  5 21  2 25 20.30 -Inf   1
2615  31.000299  109.977997     1.000   -65860.4     4025.4    -4976.5      0.0      0.0      0.0 2018  5 24  9 54  0.42 -Inf   1
2633  31.160900  110.132500     2.050   -51059.2    21831.1    -3926.5      0.0      0.0      0.0 2018  5 25 18 55 29.52 -Inf   1
2672  30.743601  110.506699     1.000   -15377.9   -24434.4    -4976.5      0.0      0.0      0.0 2018  5 27 10 22 41.89 -Inf   1
2677  31.175600  110.316200     1.000   -33523.8    23460.8    -4976.5      0.0      0.0      0.0 2018  5 27 17 34 33.20 -Inf   1
2682  30.976601  110.030602    13.260   -60842.9     1398.0     7283.5      0.0      0.0      0.0 2018  5 28  1 30 59.70 -Inf   1
2684  30.777800  111.176598     4.870    48688.9   -20642.9    -1106.5      0.0      0.0      0.0 2018  5 28  4  0 48.81 -Inf   1
2692  30.995399  110.178001     1.580   -46756.6     3482.2    -4396.5      0.0      0.0      0.0 2018  5 29  0 41 17.11 -Inf   1
2712  30.692200  110.918297    11.110    23997.6   -30133.2     5133.5      0.0      0.0      0.0 2018  5 29 16  2 25.15 -Inf   1
2723  30.846399  111.142799     5.810    45440.6   -13037.3     -166.5      0.0      0.0      0.0 2018  5 30 10 54 24.12 -Inf   1
2859  31.136801  110.041702     6.000   -59732.7    19159.2       23.5      0.0      0.0      0.0 2018  6  5 11 13 21.42 -Inf   1
2925  31.167000  110.322502     2.000   -32923.9    22507.3    -3976.5      0.0      0.0      0.0 2018  6  9  0 16 45.94 -Inf   1
2963  30.981400  110.122002     4.220   -52109.8     1930.0    -1756.5      0.0      0.0      0.0 2018  6 11  4 18 47.58 -Inf   1
3105  30.855700  111.133904     5.490    44588.0   -12006.2     -486.5      0.0      0.0      0.0 2018  6 16 23 11 49.72 -Inf   1
3188  30.846500  111.138100     6.120    44991.3   -13026.1      143.5      0.0      0.0      0.0 2018  6 22  7 18 21.36 -Inf   1
3201  30.844601  111.142197     6.590    45383.4   -13236.7      613.5      0.0      0.0      0.0 2018  6 23  3 11 57.11 -Inf   1
3203  30.859301  110.396301     2.000   -25921.8   -11606.9    -3976.5      0.0      0.0      0.0 2018  6 23  3 31  4.52 -Inf   1
3260  30.851999  111.137398     5.710    44922.9   -12416.4     -266.5      0.0      0.0      0.0 2018  6 27  2  4 26.44 -Inf   1
3267  31.206600  110.326797     4.480   -32507.2    26897.8    -1496.5      0.0      0.0      0.0 2018  6 27 12 48 26.07 -Inf   1
3280  30.854700  111.146698     7.090    45811.3   -12117.0     1113.5      0.0      0.0      0.0 2018  6 28 11  3  6.10 -Inf   1
3327  30.864700  110.404800     4.430   -25108.7   -11008.3    -1546.5      0.0      0.0      0.0 2018  7  2  5 46  3.38 -Inf   1
3430  31.162600  110.355698     1.000   -29756.4    22019.5    -4976.5      0.0      0.0      0.0 2018  7  9 10 58 11.69 -Inf   1
3499  31.130100  110.043198     2.000   -59592.0    18416.3    -3976.5      0.0      0.0      0.0 2018  7 16  3 18 29.00 -Inf   1
3523  30.954100  110.253601     2.020   -39543.5    -1096.7    -3956.5      0.0      0.0      0.0 2018  7 17 17 29 25.24 -Inf   1
3536  30.893101  110.046402     1.000   -59359.1    -7859.6    -4976.5      0.0      0.0      0.0 2018  7 18  8 54 26.96 -Inf   1
3555  31.054899  110.539803     9.390   -12191.9    10078.9     3413.5      0.0      0.0      0.0 2018  7 21  2 44 47.70 -Inf   1
3563  31.165899  110.306801     1.000   -34422.6    22385.3    -4976.5      0.0      0.0      0.0 2018  7 21 15 13  7.71 -Inf   1
3581  31.132099  110.001900     1.000   -63533.6    18637.9    -4976.5      0.0      0.0      0.0 2018  7 22 10  6 54.75 -Inf   1
3592  30.973400  109.976898    10.000   -65974.5     1043.1     4023.5      0.0      0.0      0.0 2018  7 23 10  0 19.18 -Inf   1
3616  31.165899  110.316399    14.630   -33506.6    22385.3     8653.5      0.0      0.0      0.0 2018  7 25  7 10 50.87 -Inf   1
3651  30.955299  110.780800     1.000    10827.8     -963.7    -4976.5      0.0      0.0      0.0 2018  7 29  4 30  1.10 -Inf   1
3657  30.828800  111.233902     0.390    54154.8   -14988.5    -5586.5      0.0      0.0      0.0 2018  7 31  1 38 31.63 -Inf   1
3682  31.128099  110.018898    12.000   -61912.3    18194.5     6023.5      0.0      0.0      0.0 2018  8  3  8 56 15.09 -Inf   1
3685  31.132999  110.017799     8.000   -62015.6    18737.7     2023.5      0.0      0.0      0.0 2018  8  3 10 10  4.59 -Inf   1
3762  30.890100  111.147301     7.050    45860.5    -8192.2     1073.5      0.0      0.0      0.0 2018  8 11 12 12 25.91 -Inf   1
3770  31.133101  110.009300     6.000   -62826.8    18749.0       23.5      0.0      0.0      0.0 2018  8 13  9 23 56.30 -Inf   1
3800  31.181700  110.352997     1.000   -30011.1    24137.1    -4976.5      0.0      0.0      0.0 2018  8 17  8 46 42.13 -Inf   1
3817  30.868200  110.976501     4.000    29539.4   -10620.2    -1976.5      0.0      0.0      0.0 2018  8 20  2 20 34.63 -Inf   1
3825  31.223200  110.312202     1.000   -33896.9    28738.2    -4976.5      0.0      0.0      0.0 2018  8 20  9 31 58.29 -Inf   1
3869  31.278601  110.925598     1.000    24621.1    34880.4    -4976.5      0.0      0.0      0.0 2018  8 26  3 12 44.08 -Inf   1
3903  31.123501  110.034500     1.000   -60424.3    17684.6    -4976.5      0.0      0.0      0.0 2018  8 29  7 10 16.71 -Inf   1
3911  30.927099  110.833000    14.780    15817.6    -4090.2     8803.5      0.0      0.0      0.0 2018  8 30  0 23  5.77 -Inf   1
3925  31.141001  110.502098    15.870   -15785.4    19624.8     9893.5      0.0      0.0      0.0 2018  8 31  9 13 54.24 -Inf   1
3938  30.733400  111.175797     1.000    48623.5   -25565.4    -4976.5      0.0      0.0      0.0 2018  9  1  4 25 55.87 -Inf   1
3959  31.089001  109.887497    20.000   -74470.8    13859.7    14023.5      0.0      0.0      0.0 2018  9  3  3 53 41.05 -Inf   1
3973  31.106199  110.008598    12.970   -62902.6    15766.4     6993.5      0.0      0.0      0.0 2018  9  4  9 27 41.19 -Inf   1
4030  30.785299  110.382896     1.000   -27213.7   -19811.4    -4976.5      0.0      0.0      0.0 2018  9  9  4 24  8.06 -Inf   1
4091  30.922600  110.929703    10.940    25059.0    -4589.0     4963.5      0.0      0.0      0.0 2018  9 12  9 28 33.72 -Inf   1
4099  31.265200  110.080200     1.010   -56020.4    33394.6    -4966.5      0.0      0.0      0.0 2018  9 13  4 13 54.00 -Inf   1
4274  30.881001  110.865097     0.810    18889.3    -9201.1    -5166.5      0.0      0.0      0.0 2018  9 21  8 10 44.05 -Inf   1
4279  30.879299  111.111298     7.640    42421.9    -9389.7     1663.5      0.0      0.0      0.0 2018  9 21 16  6  6.76 -Inf   1
4295  30.735399  111.089104    10.000    40330.5   -25343.8     4023.5      0.0      0.0      0.0 2018  9 22  8 34 21.35 -Inf   1
4313  31.080299  109.747498     6.000   -87841.7    12895.0       23.5      0.0      0.0      0.0 2018  9 23  3 47 24.31 -Inf   1
4326  31.205099  110.540703     1.000   -12096.4    26731.4    -4976.5      0.0      0.0      0.0 2018  9 23 17 56 57.96 -Inf   1
4395  31.236300  110.051003     2.470   -58814.5    30190.5    -3506.5      0.0      0.0      0.0 2018  9 27  8 13 14.06 -Inf   1
4414  30.748100  111.048302     2.000    36425.2   -23935.6    -3976.5      0.0      0.0      0.0 2018  9 28  4 32 39.15 -Inf   1
4559  31.228201  110.387001     1.000   -26759.6    29292.6    -4976.5      0.0      0.0      0.0 2018 10  8  7  1 10.34 -Inf   1
4610  31.279301  110.324402     2.000   -32723.4    34958.0    -3976.5      0.0      0.0      0.0 2018 10 11  4 25 42.91 -Inf   1
5009  30.991501  110.059196     7.690   -58106.6     3050.0     1713.5      0.0      0.0      0.0 2018 10 14  1 39 53.76 -Inf   1
5130  30.886999  111.034599     5.910    35089.4    -8536.0      -66.5      0.0      0.0      0.0 2018 10 16  2  2 33.37 -Inf   1
5169  31.093300  110.109398     6.160   -53282.9    14336.3      183.5      0.0      0.0      0.0 2018 10 17  6  3 53.06 -Inf   1
5272  31.185699  110.551003     1.000   -11114.8    24580.5    -4976.5      0.0      0.0      0.0 2018 10 20 20 46 45.24 -Inf   1
5291  31.148500  110.306999     0.980   -34406.8    20456.3    -4996.5      0.0      0.0      0.0 2018 10 21 10 30 52.49 -Inf   1
5315  31.093201  110.103798     1.000   -53817.6    14325.3    -4976.5      0.0      0.0      0.0 2018 10 22 15  5 37.19 -Inf   1
5405  31.094299  110.204201     5.560   -44231.2    14447.1     -416.5      0.0      0.0      0.0 2018 10 28 17 50 14.88 -Inf   1
5481  31.187599  110.393402     1.340   -26154.4    24791.2    -4636.5      0.0      0.0      0.0 2018 11  1  4 11  2.41 -Inf   1
5499  31.253799  109.963997    10.000   -67109.1    32130.7     4023.5      0.0      0.0      0.0 2018 11  2  4 50 20.30 -Inf   1
5539  30.858400  110.737701     0.520     6713.4   -11706.8    -5456.5      0.0      0.0      0.0 2018 11  4  3 22  5.15 -Inf   1
5558  31.296301  110.002098    19.840   -63460.3    36842.8    13863.5      0.0      0.0      0.0 2018 11  5  8 19 17.62 -Inf   1
5567  31.131399  110.212700     3.250   -43411.4    18560.3    -2726.5      0.0      0.0      0.0 2018 11  5 22 19 36.84 -Inf   1
5695  31.047400  110.466797    10.860   -19164.3     9247.4     4883.5      0.0      0.0      0.0 2018 11 11 17 44 59.84 -Inf   1
5720  30.823601  111.265701     8.390    57196.6   -15564.9     2413.5      0.0      0.0      0.0 2018 11 15  2 26 29.35 -Inf   1
5723  31.124100  109.851097     6.000   -77932.0    17751.0       23.5      0.0      0.0      0.0 2018 11 15  3 43 18.42 -Inf   1
5748  31.184500  110.299500     1.000   -35116.0    24447.5    -4976.5      0.0      0.0      0.0 2018 11 16 11 51  3.95 -Inf   1
5833  30.882999  111.035004     3.300    35128.8    -8979.5    -2676.5      0.0      0.0      0.0 2018 11 20  9 31 23.47 -Inf   1
5840  30.888901  111.138000     6.420    44971.9    -8325.2      443.5      0.0      0.0      0.0 2018 11 20 17 25 38.16 -Inf   1
5856  31.307800  110.052002     1.000   -58697.2    38117.7    -4976.5      0.0      0.0      0.0 2018 11 21  7 31 26.88 -Inf   1
5948  30.823200  111.230301    12.030    53812.1   -15609.4     6053.5      0.0      0.0      0.0 2018 11 25  7 29 41.73 -Inf   1
6016  31.049500  109.802597     8.000   -82593.9     9480.2     2023.5      0.0      0.0      0.0 2018 11 28  4  7 59.62 -Inf   1
6039  31.170000  110.311699     1.000   -33954.4    22840.0    -4976.5      0.0      0.0      0.0 2018 11 28 21 45  9.00 -Inf   1
6077  30.740000  110.888199     2.010    21112.8   -24833.7    -3966.5      0.0      0.0      0.0 2018 11 30  6 35 46.77 -Inf   1
6097  31.120800  109.846603     6.000   -78362.3    17385.2       23.5      0.0      0.0      0.0 2018 12  1  9 16  8.33 -Inf   1
6191  30.887899  110.474701    10.320   -18424.7    -8436.2     4343.5      0.0      0.0      0.0 2018 12  7  3 36  0.33 -Inf   1
6201  31.029699  110.456200     5.250   -20178.2     7285.0     -726.5      0.0      0.0      0.0 2018 12  7 12 48  6.53 -Inf   1
6222  30.834700  111.234497     6.970    54210.0   -14334.4      993.5      0.0      0.0      0.0 2018 12  8  6 39 30.35 -Inf   1
6223  31.116301  109.969002     0.930   -66679.4    16886.4    -5046.5      0.0      0.0      0.0 2018 12  8  7 16 44.90 -Inf   1
6240  30.832899  111.228798     1.990    53665.7   -14534.0    -3986.5      0.0      0.0      0.0 2018 12  9  7 46 41.06 -Inf   1
6250  31.225599  110.366402     1.000   -28725.3    29004.2    -4976.5      0.0      0.0      0.0 2018 12  9 20 30 41.68 -Inf   1
6306  30.884399  111.144402     7.730    45584.8    -8824.3     1753.5      0.0      0.0      0.0 2018 12 11 18  1 20.68 -Inf   1
6314  30.794901  111.249199     1.000    55627.0   -18746.9    -4976.5      0.0      0.0      0.0 2018 12 12  2 31 12.29 -Inf   1
6374  31.203300  110.351303     2.040   -30169.4    26531.9    -3936.5      0.0      0.0      0.0 2018 12 15  6 23 36.92 -Inf   1
6387  31.138901  110.296997     0.690   -35363.2    19392.0    -5286.5      0.0      0.0      0.0 2018 12 15 14 13 32.42 -Inf   1
6400  31.096300  109.793503     2.000   -83442.1    14668.9    -3976.5      0.0      0.0      0.0 2018 12 16  3 47 31.84 -Inf   1
6432  31.330799  110.015404     2.000   -62180.1    40667.6    -3976.5      0.0      0.0      0.0 2018 12 17  9  3 44.58 -Inf   1
6433  31.329000  110.099800     2.000   -54132.7    40468.2    -3976.5      0.0      0.0      0.0 2018 12 17  9 15  3.14 -Inf   1
6492  31.285801  110.236198     1.000   -41135.2    35678.7    -4976.5      0.0      0.0      0.0 2018 12 20  2 43 11.34 -Inf   1
6616  30.944500  111.186897     0.340    49631.1    -2161.0    -5636.5      0.0      0.0      0.0 2018 12 26 22  1 13.96 -Inf   1
6622  30.924500  110.532402     4.330   -12907.3    -4378.4    -1646.5      0.0      0.0      0.0 2018 12 27  3  0 20.84 -Inf   1
6647  30.728100  111.158302     1.000    46951.3   -26153.0    -4976.5      0.0      0.0      0.0 2018 12 28  7 44 36.97 -Inf   1
6679  31.141199  109.832001     4.000   -79747.9    19646.8    -1976.5      0.0      0.0      0.0 2018 12 30  3 51 31.40 -Inf   1
6710  30.965300  110.052902    12.560   -58715.9      145.1     6583.5      0.0      0.0      0.0 2018 12 31  7 21 39.48 -Inf   1
