 20180101 093129.2  31.065200  110.196000  0.90     6.850000 000 湖北省恩施土家族苗族自治州巴东县与重庆市巫山县交界
 20180101 155128.7  31.123700  110.039000  1.50    10.200000 000 重庆市巫山县与湖北省恩施土家族苗族自治州巴东县交界
 20180101 161441.0  31.111200  110.034000  1.00     9.020000 000 重庆市巫山县与湖北省恩施土家族苗族自治州巴东县交界
 20180103 034619.4  31.083700  110.068000  1.30     8.640000 000 重庆市巫山县与湖北省恩施土家族苗族自治州巴东县交界
 20180103 043358.3  31.064500  110.203000  0.90     6.260000 000 湖北省恩施土家族苗族自治州巴东县与重庆市巫山县交界
 20180103 135440.4  30.981000  110.465000  1.00     5.000000 000 湖北省宜昌市秭归县、恩施土家族苗族自治州巴东县交界
 20180103 145059.3  31.064800  110.203000  1.10     6.320000 000 湖北省恩施土家族苗族自治州巴东县与重庆市巫山县交界
 20180106 152943.9  31.051300  110.158000  1.80    12.120000 000 湖北省恩施土家族苗族自治州巴东县与重庆市巫山县交界
 20180106 153059.5  31.052700  110.166000  1.70    12.020000 000 湖北省恩施土家族苗族自治州巴东县与重庆市巫山县交界
 20180106 184659.4  31.062300  110.182000  1.50     9.940000 000 湖北省恩施土家族苗族自治州巴东县与重庆市巫山县交界
 20180106 194643.0  31.073200  110.186000  1.50     8.130000 000 湖北省恩施土家族苗族自治州巴东县与重庆市巫山县交界
 20180106 221258.3  31.075500  110.197000  1.50     7.890000 000 湖北省恩施土家族苗族自治州巴东县与重庆市巫山
 20180107 023231.2  31.068700  110.207000  1.40     8.600000 000 湖北省恩施土家族苗族自治州巴东县与重庆市巫山县交界
 20180107 134507.5  31.088200  110.194000  1.00     7.750000 000 湖北省恩施土家族苗族自治州巴东县与重庆市巫山县交界
 20180108 042539.4  31.074700  110.173000  1.60     9.850000 000 湖北省恩施土家族苗族自治州巴东县与重庆市巫山县交界
 20180109 002517.5  31.032000  110.455000  1.00     7.490000 000 湖北省恩施土家族苗族自治州巴东县、宜昌市秭归县交界
 20180112 174009.5  31.138200  110.058000  1.50    10.010000 000 重庆市巫山县与湖北省恩施土家族苗族自治州巴东县交界
 20180113 080900.6  31.131800  110.221000  2.10     5.000000 000 湖北省恩施土家族苗族自治州巴东县与重庆市巫山县交界
 20180113 135055.0  31.023500  110.455000  1.00     5.000000 000 湖北省宜昌市秭归县、恩施土家族苗族自治州巴东县交界
 20180113 162102.1  31.141500  110.210000  1.20    19.530000 000 湖北省恩施土家族苗族自治州巴东县与重庆市巫山县交界
 20180114 032902.4  31.043000  110.472000  1.40     8.000000 000 bm湖北巴东
 20180115 081700.8  31.108300  110.232000  1.80     8.720000 000 湖北省恩施土家族苗族自治州巴东县与重庆市巫山县交界
 20180115 082224.1  31.114300  110.235000  1.30     8.980000 000 湖北省恩施土家族苗族自治州巴东县与重庆市巫山县交界
 20180115 091224.9  31.126200  110.252000  1.60     9.540000 000 湖北省恩施土家族苗族自治州巴东县与重庆市巫山县交界
 20180116 000841.5  31.028700  110.454000  1.20    10.080000 000 湖北省恩施土家族苗族自治州巴东县、宜昌市秭归县交界
 20180116 211912.5  31.080200  110.201000  0.90     5.000000 000 湖北省恩施土家族苗族自治州巴东县与重庆市巫山县交界
 20180117 110312.8  30.981200  110.000000  1.40    14.410000 000 重庆市巫山县与湖北省恩施土家族苗族自治州建始县交界
 20180117 112711.7  31.206200  110.058000  1.60     7.110000 000 重庆市巫山县
 20180118 171231.8  31.106800  110.009000  2.10     9.730000 000 重庆市巫山县
 20180119 014217.4  31.062500  110.195000  1.00     7.140000 000 湖北省恩施土家族苗族自治州巴东县与重庆市巫山县交界
 20180119 151118.6  31.207300  110.079000  1.80     9.620000 000 重庆市巫山县与湖北省恩施土家族苗族自治州巴东县交界
 20180119 203120.3  31.042000  110.450000  0.60     9.760000 000 湖北省恩施土家族苗族自治州巴东县、宜昌市秭归县交界
 20180120 173701.7  31.137800  110.030000  1.60    14.230000 000 重庆市巫山县与湖北省恩施土家族苗族自治州巴东县交界
 20180121 172950.2  31.112700  110.072000  1.60     9.670000 000 重庆市巫山县与湖北省恩施土家族苗族自治州巴东县交界
 20180121 210659.6  31.095500  110.097000  1.80     9.530000 000 重庆市巫山县与湖北省恩施土家族苗族自治州巴东县交界
 20180122 170313.9  30.939800  110.372000  1.10     6.940000 000 湖北省恩施土家族苗族自治州巴东县
 20180122 174640.3  31.113800  110.049000  1.70     9.120000 000 重庆市巫山县与湖北省恩施土家族苗族自治州巴东县交界
 20180124 114242.9  31.132000  110.053000  1.80     9.970000 000 重庆市巫山县与湖北省恩施土家族苗族自治州巴东县交界
 20180125 025519.2  31.035800  110.451000  1.10     6.660000 000 湖北省恩施土家族苗族自治州巴东县、宜昌市秭归县交界
 20180125 143505.2  31.039500  110.452000  0.80     6.770000 000 湖北省恩施土家族苗族自治州巴东县、宜昌市秭归县交界
 20180126 021947.5  31.038800  110.455000  0.60     6.510000 000 湖北省恩施土家族苗族自治州巴东县、宜昌市秭归县交界
 20180126 115451.2  31.030800  110.437000  1.30     6.640000 000 湖北省恩施土家族苗族自治州巴东县、宜昌市秭归县交界
 20180126 142322.9  31.090000  110.102000  1.60     8.000000 000 bm重庆巫山
 20180128 174220.3  30.993700  110.016000  1.70    10.960000 000 重庆市巫山县
 20180130 174346.1  31.128000  110.040000  1.60    14.210000 000 重庆市巫山县与湖北省恩施土家族苗族自治州巴东县交界
 20180202 042023.1  31.043500  110.441000  0.50     5.000000 000 湖北省恩施土家族苗族自治州巴东县、宜昌市秭归县交界
 20180202 073120.6  31.069000  110.187000  0.60     5.000000 000 湖北省恩施土家族苗族自治州巴东县与重庆市巫山县交界
 20180202 132939.4  30.982200  110.471000  0.90     5.000000 000 湖北省宜昌市秭归县、恩施土家族苗族自治州巴东县交界
 20180202 160817.4  31.126300  110.011000  2.20     9.120000 000 重庆市巫山县
 20180204 141250.1  31.071700  110.184000  1.10    10.370000 000 湖北省恩施土家族苗族自治州巴东县与重庆市巫山县交界
 20180205 122013.9  30.981200  110.392000  1.10     5.000000 000 湖北省恩施土家族苗族自治州巴东县、宜昌市秭归县交界
 20180206 124941.0  30.860200  110.165000  1.80     7.740000 000 湖北省恩施土家族苗族自治州巴东县、建始县与重庆市巫
 20180207 014349.4  31.089300  110.423000  0.80     6.380000 000 湖北省恩施土家族苗族自治州巴东县、宜昌市秭归县交界
 20180207 214021.2  31.152800  110.356000  0.70     5.000000 000 湖北省恩施土家族苗族自治州巴东县
 20180208 090417.0  31.097700  110.229000  1.20     5.000000 000 湖北省恩施土家族苗族自治州巴东县与重庆市巫山县交界
 20180211 100155.0  31.101000  110.092000  1.40    13.600000 000 重庆市巫山县与湖北省恩施土家族苗族自治州巴东县交界
 20180214 061535.3  31.092700  110.035000  1.60    13.520000 000 重庆市巫山县与湖北省恩施土家族苗族自治州巴东县交界
 20180215 083935.2  31.046800  110.449000  0.50     6.820000 000 湖北省恩施土家族苗族自治州巴东县、宜昌市秭归县交界
 20180216 035046.6  31.035800  110.459000  1.00     6.430000 000 湖北省恩施土家族苗族自治州巴东县、宜昌市秭归县交界
 20180216 044706.6  31.045000  110.461000  0.20     5.000000 000 湖北省恩施土家族苗族自治州巴东县、宜昌市秭归县交界
 20180216 111813.0  31.038300  110.446000  1.10     6.710000 000 湖北省恩施土家族苗族自治州巴东县、宜昌市秭归县交界
 20180218 012602.4  31.068800  110.135000  0.70     5.000000 000 湖北省恩施土家族苗族自治州巴东县与重庆市巫山县交界
 20180222 082448.8  31.089000  110.441000  0.40     8.350000 000 湖北省恩施土家族苗族自治州巴东县、宜昌市秭归县交界
 20180222 091932.0  31.036300  110.461000  1.00     5.830000 000 湖北省恩施土家族苗族自治州巴东县、宜昌市秭归县交界
 20180222 092851.5  31.040700  110.454000  1.70    10.040000 000 湖北省恩施土家族苗族自治州巴东县、宜昌市秭归县交界
 20180222 133035.0  31.087700  110.436000  0.70     7.390000 000 湖北省恩施土家族苗族自治州巴东县、宜昌市秭归县交界
 20180223 032147.2  31.097300  110.234000  0.40     9.260000 000 湖北省恩施土家族苗族自治州巴东县与重庆市巫山县交界
 20180223 172730.8  31.032700  110.439000  0.90     6.610000 000 湖北省恩施土家族苗族自治州巴东县、宜昌市秭归县交界
 20180225 055653.1  31.134500  110.301000  1.30     9.430000 000 湖北省恩施土家族苗族自治州巴东县
 20180225 141921.9  31.032500  110.465000  0.70     5.310000 000 湖北省恩施土家族苗族自治州巴东县、宜昌市秭归县交界
 20180225 193544.5  31.101500  110.282000  0.50     5.360000 000 湖北省恩施土家族苗族自治州巴东县与重庆市巫山县交界
 20180227 032801.6  31.033000  110.451000  0.90     6.330000 000 湖北省恩施土家族苗族自治州巴东县、宜昌市秭归县交界
 20180227 062900.2  31.142800  110.296000  1.20     6.600000 000 湖北省恩施土家族苗族自治州巴东县与重庆市巫山县交界
 20180228 055910.1  30.953200  110.466000  0.50     8.260000 000 湖北省宜昌市秭归县、恩施土家族苗族自治州巴东县交界
 20180228 074531.1  30.954300  110.481000  0.70     8.220000 000 湖北省宜昌市秭归县、恩施土家族苗族自治州巴东县交界
 20180228 081651.6  31.139700  110.019000  1.70     9.430000 000 重庆市巫山县
 20180228 152454.3  31.029300  110.454000  1.30     6.440000 000 湖北省恩施土家族苗族自治州巴东县、宜昌市秭归县交界
 20180228 154543.3  30.955700  110.478000  1.00     7.500000 000 湖北省宜昌市秭归县、恩施土家族苗族自治州巴东县交界
 20180228 174506.6  31.034500  110.444000  1.50     6.060000 000 湖北省恩施土家族苗族自治州巴东县、宜昌市秭归县交界
 20180301 053339.8  30.981800  110.456000  0.40    10.560000 000 湖北省宜昌市秭归县、恩施土家族苗族自治州巴东县交界
 20180301 122404.9  31.194200  110.061000  1.90     6.700000 000 重庆市巫山县
 20180301 201501.0  30.949200  110.474000  0.80     8.860000 000 湖北省宜昌市秭归县、恩施土家族苗族自治州巴东县交界
 20180302 021857.3  30.953000  110.469000  0.60     5.000000 000 湖北省宜昌市秭归县、恩施土家族苗族自治州巴东县交界
 20180302 031130.5  30.950500  110.471000  1.00     9.920000 000 湖北省宜昌市秭归县、恩施土家族苗族自治州巴东县交界
 20180302 064443.2  30.953800  110.468000  0.80     9.450000 000 湖北省宜昌市秭归县、恩施土家族苗族自治州巴东县交界
 20180302 134746.4  31.042200  110.445000  1.00     6.800000 000 湖北省恩施土家族苗族自治州巴东县、宜昌市秭归县交界
 20180303 183916.6  31.118800  110.302000  0.90     5.000000 000 湖北省恩施土家族苗族自治州巴东县
 20180303 183927.6  31.123500  110.300000  1.00     5.000000 000 湖北省恩施土家族苗族自治州巴东县
 20180305 114250.3  31.088700  110.451000  1.30     9.260000 000 湖北省恩施土家族苗族自治州巴东县、宜昌市秭归县交界
 20180309 035955.8  31.034300  110.452000  0.50     6.280000 000 湖北省恩施土家族苗族自治州巴东县、宜昌市秭归县交界
 20180309 153729.5  31.217700  110.057000  1.40     5.480000 000 重庆市巫山县
 20180310 023526.3  30.838700  110.462000  1.20     6.450000 000 湖北省宜昌市秭归县
 20180311 062721.2  31.062000  110.084000  1.40     5.000000 000 重庆市巫山县与湖北省恩施土家族苗族自治州巴东县交界
 20180311 072739.6  31.057700  110.150000  1.00     7.430000 000 湖北省恩施土家族苗族自治州巴东县与重庆市巫山县交界
 20180313 124347.7  31.043200  110.452000  1.40     6.570000 000 湖北省恩施土家族苗族自治州巴东县、宜昌市秭归县交界
 20180314 021440.6  31.022200  110.452000  0.60     5.450000 000 湖北省宜昌市秭归县、恩施土家族苗族自治州巴东县交界
 20180315 114354.3  31.124800  110.035000  2.10     9.340000 000 重庆市巫山县与湖北省恩施土家族苗族自治州巴东县交界
 20180316 190656.2  30.984000  110.066000  1.90     7.000000 000 bm重庆巫山
 20180318 233614.6  31.114700  110.067000  1.20    30.000000 000 重庆市巫山县与湖北省恩施土家族苗族自治州巴东县交界
 20180321 142535.4  31.148000  110.374000  1.20     5.000000 000 湖北省恩施土家族苗族自治州巴东县
 20180322 131503.3  30.996800  110.030000  1.70     5.900000 000 重庆市巫山县与湖北省恩施土家族苗族自治州巴东县交界
 20180322 160407.4  30.973500  110.402000  1.10     5.000000 000 湖北省恩施土家族苗族自治州巴东县、宜昌市秭归县交界
 20180325 104952.0  31.039200  110.455000  0.90     6.150000 000 湖北省恩施土家族苗族自治州巴东县、宜昌市秭归县交界
 20180325 225902.5  31.090000  110.424000  1.20     7.690000 000 湖北省恩施土家族苗族自治州巴东县、宜昌市秭归县交界
 20180327 120630.5  30.969000  110.389000  1.10     5.000000 000 湖北省恩施土家族苗族自治州巴东县、宜昌市秭归县交界
 20180327 122008.4  30.980800  110.374000  0.80     5.000000 000 湖北省恩施土家族苗族自治州巴东县
 20180327 175606.9  31.118700  110.035000  1.50    16.350000 000 重庆市巫山县与湖北省恩施土家族苗族自治州巴东县交界
 20180328 111405.7  31.141300  110.369000  1.10     5.000000 000 湖北省恩施土家族苗族自治州巴东县
 20180330 151540.7  31.030700  110.456000  1.30     5.000000 000 湖北省恩施土家族苗族自治州巴东县、宜昌市秭归县交界
 20180331 085500.8  31.077700  110.189000  1.50     5.780000 000 湖北省恩施土家族苗族自治州巴东县与重庆市巫山县交界
 20180331 165952.6  30.825000  110.088000  1.90     5.000000 000 重庆市巫山县与湖北省恩施土家族苗族自治州巴东县、建
 20180402 120838.5  31.043200  110.455000  0.70    10.610000 000 湖北省恩施土家族苗族自治州巴东县、宜昌市秭归县交界
 20180403 132640.3  31.033700  110.465000  0.90     9.880000 000 湖北省恩施土家族苗族自治州巴东县、宜昌市秭归县交界
 20180406 170620.0  31.171500  110.391000  1.40     5.000000 000 湖北省恩施土家族苗族自治州巴东县
 20180408 115618.5  31.091500  110.003000  1.10    11.910000 000 重庆市巫山县
 20180408 180044.4  31.128700  110.015000  1.90     8.070000 000 重庆市巫山县
 20180408 182506.6  31.220800  110.063000  1.70     8.800000 000 重庆市巫山县与湖北省恩施土家族苗族自治州巴东县交界
 20180409 142251.0  31.117800  110.382000  1.00     5.000000 000 湖北省恩施土家族苗族自治州巴东县
 20180409 160023.9  30.978300  110.381000  1.30     9.540000 000 湖北省恩施土家族苗族自治州巴东县、宜昌市秭归县交界
 20180409 185324.6  31.045200  110.440000  0.60     6.350000 000 湖北省恩施土家族苗族自治州巴东县、宜昌市秭归县交界
 20180410 020704.3  31.041800  110.438000  0.50     9.860000 000 湖北省恩施土家族苗族自治州巴东县、宜昌市秭归县交界
 20180411 112908.1  30.980200  110.450000  0.80    10.760000 000 湖北省宜昌市秭归县、恩施土家族苗族自治州巴东县交界
 20180411 183711.6  30.975300  110.393000  1.30     5.000000 000 湖北省恩施土家族苗族自治州巴东县、宜昌市秭归县交界
 20180412 144556.4  31.039500  110.444000  1.30     9.750000 000 湖北省恩施土家族苗族自治州巴东县、宜昌市秭归县交界
 20180412 171045.3  30.964300  110.383000  1.10     5.520000 000 湖北省恩施土家族苗族自治州巴东县、宜昌市秭归县交界
 20180415 100905.2  31.041300  110.466000  0.90     5.000000 000 湖北省恩施土家族苗族自治州巴东县、宜昌市秭归县交界
 20180415 154425.2  31.137700  110.346000  0.90     5.000000 000 湖北省恩施土家族苗族自治州巴东县
 20180416 171559.3  31.170800  110.374000  0.90     5.000000 000 湖北省恩施土家族苗族自治州巴东县
 20180417 164048.0  30.955200  110.371000  1.20     9.460000 000 湖北省恩施土家族苗族自治州巴东县
 20180420 124441.1  31.146700  110.377000  1.30     5.000000 000 湖北省恩施土家族苗族自治州巴东县
 20180420 154234.2  31.049800  110.446000  1.60     9.720000 000 湖北省恩施土家族苗族自治州巴东县、宜昌市秭归县交界
 20180422 132406.8  31.203000  110.058000  1.40     5.980000 000 重庆市巫山县
 20180423 142041.3  31.188500  110.381000  0.90    11.280000 000 湖北省恩施土家族苗族自治州巴东县
 20180426 025007.7  31.023300  110.437000  1.20     6.270000 000 湖北省恩施土家族苗族自治州巴东县、宜昌市秭归县交界
 20180426 161552.2  30.994300  110.010000  1.50    12.290000 000 重庆市巫山县
 20180426 162357.5  31.129300  110.056000  1.80     6.520000 000 重庆市巫山县与湖北省恩施土家族苗族自治州巴东县交界
 20180427 021711.3  31.041200  110.442000  0.60     5.790000 000 湖北省恩施土家族苗族自治州巴东县、宜昌市秭归县交界
 20180427 054141.9  31.044500  110.453000  0.80     6.030000 000 湖北省恩施土家族苗族自治州巴东县、宜昌市秭归县交界
 20180427 182841.1  31.072200  110.166000  1.30     9.680000 000 湖北省恩施土家族苗族自治州巴东县与重庆市巫山县交界
 20180430 132509.1  31.040200  110.436000  0.90     6.010000 000 湖北省恩施土家族苗族自治州巴东县、宜昌市秭归县交界
 20180504 150155.0  31.018800  110.465000  0.80     5.000000 000 湖北省宜昌市秭归县、恩施土家族苗族自治州巴东县交界
 20180504 155500.6  31.017300  110.462000  0.80     5.000000 000 湖北省宜昌市秭归县、恩施土家族苗族自治州巴东县交界
 20180504 164334.2  31.211800  110.050000  1.70    16.780000 000 重庆市巫山县
 20180508 122157.9  31.005200  110.471000  0.70     6.530000 000 湖北省宜昌市秭归县、恩施土家族苗族自治州巴东县交界
 20180512 015432.9  31.040500  110.444000  0.70     6.420000 000 湖北省恩施土家族苗族自治州巴东县、宜昌市秭归县交界
 20180512 114257.6  31.116200  110.109000  1.60     7.780000 000 重庆市巫山县与湖北省恩施土家族苗族自治州巴东县交界
 20180512 144619.8  31.077850  110.278300  3.00     3.000000 000 湖北省恩施土家族苗族自治州巴东县
 20180512 233845.1  31.033000  110.437000  1.70     9.210000 000 湖北省恩施土家族苗族自治州巴东县、宜昌市秭归县交界
 20180513 113856.8  31.071200  110.008000  1.60    10.630000 000 重庆市巫山县
 20180515 014711.9  30.851500  110.482000  0.70     1.040000 000 湖北省宜昌市秭归县
 20180515 123337.0  31.135500  110.039000  1.60     9.880000 000 重庆市巫山县与湖北省恩施土家族苗族自治州巴东县交界
 20180515 150524.0  30.988700  110.379000  1.10     5.000000 000 湖北省恩施土家族苗族自治州巴东县
 20180516 101712.0  30.975000  110.385000  0.50     5.000000 000 湖北省恩施土家族苗族自治州巴东县、宜昌市秭归县交界
 20180517 035134.9  31.036200  110.454000  1.80    10.080000 000 湖北省恩施土家族苗族自治州巴东县、宜昌市秭归县交界
 20180519 112335.9  31.072800  110.252000  2.40     9.690000 000 湖北省恩施土家族苗族自治州巴东县与重庆市巫山县交界
 20180519 142607.9  31.110800  110.016000  1.40     9.980000 000 重庆市巫山县与湖北省恩施土家族苗族自治州巴东县交界
 20180519 174323.8  31.131500  110.042000  1.60     9.410000 000 重庆市巫山县与湖北省恩施土家族苗族自治州巴东县交界
 20180520 113707.0  30.986000  110.387000  0.90     5.000000 000 湖北省恩施土家族苗族自治州巴东县、宜昌市秭归县交界
 20180521 163411.5  30.985800  110.382000  0.80     5.000000 000 湖北省恩施土家族苗族自治州巴东县
 20180523 190907.0  31.122800  110.043000  1.60     9.200000 000 重庆市巫山县与湖北省恩施土家族苗族自治州巴东县交界
 20180524 140551.0  31.017500  110.451000  1.20     5.000000 000 湖北省宜昌市秭归县、恩施土家族苗族自治州巴东县交界
 20180526 043033.2  31.105200  110.083000  1.20     9.980000 000 重庆市巫山县与湖北省恩施土家族苗族自治州巴东县交界
 20180526 190503.3  31.165300  110.337000  1.00     8.150000 000 湖北省恩施土家族苗族自治州巴东县
 20180527 061515.1  31.044800  110.449000  0.30     5.450000 000 湖北省恩施土家族苗族自治州巴东县、宜昌市秭归县交界
 20180528 120418.9  30.987800  110.369000  0.80     6.070000 000 湖北省恩施土家族苗族自治州巴东县
 20180530 004005.9  31.033800  110.440000  1.90    11.900000 000 湖北省恩施土家族苗族自治州巴东县、宜昌市秭归县交界
 20180530 062627.2  31.041000  110.437000  0.80     5.790000 000 湖北省恩施土家族苗族自治州巴东县、宜昌市秭归县交界
 20180602 032554.8  30.944200  110.243000  0.80     7.000000 000 湖北省恩施土家族苗族自治州巴东县与重庆市巫山县交界
 20180602 083112.6  31.137200  110.046000  1.20     9.530000 000 重庆市巫山县与湖北省恩施土家族苗族自治州巴东县交界
 20180603 115438.0  31.160500  110.377000  1.30     5.000000 000 湖北省恩施土家族苗族自治州巴东县
 20180603 124848.1  31.127000  110.004000  1.20     5.000000 000 bm重庆巫山
 20180603 145033.1  31.065700  110.134000  1.60     9.710000 000 湖北省恩施土家族苗族自治州巴东县与重庆市巫山县交界
 20180603 155819.1  31.039500  110.446000  1.60     7.020000 000 湖北省恩施土家族苗族自治州巴东县、宜昌市秭归县交界
 20180604 125043.3  31.039700  110.449000  0.60     5.000000 000 湖北省恩施土家族苗族自治州巴东县、宜昌市秭归县交界
 20180604 213623.1  31.031000  110.440000  0.80     5.100000 000 湖北省恩施土家族苗族自治州巴东县、宜昌市秭归县交界
 20180605 160039.8  31.135500  110.335000  0.90     5.410000 000 湖北省恩施土家族苗族自治州巴东县
 20180605 191321.3  31.094500  110.022000  1.20     5.000000 000 重庆市巫山县与湖北省恩施土家族苗族自治州巴东县交界
 20180606 111356.8  31.167800  110.370000  1.40     5.000000 000 湖北省恩施土家族苗族自治州巴东县
 20180606 133622.5  31.038800  110.446000  1.80    10.060000 000 湖北省恩施土家族苗族自治州巴东县、宜昌市秭归县交界
 20180606 155431.8  31.125300  110.025000  1.70    15.880000 000 重庆市巫山县与湖北省恩施土家族苗族自治州巴东县交界
 20180607 140111.8  31.136200  110.023000  1.70    14.700000 000 重庆市巫山县与湖北省恩施土家族苗族自治州巴东县交界
 20180608 144640.9  31.112200  110.078000  1.60     7.500000 000 重庆市巫山县与湖北省恩施土家族苗族自治州巴东县交界
 20180609 104846.6  30.977800  110.348000  0.90     7.160000 000 湖北省恩施土家族苗族自治州巴东县
 20180609 132756.1  31.008300  110.471000  1.20     5.000000 000 湖北省宜昌市秭归县、恩施土家族苗族自治州巴东县交界
 20180609 141215.6  31.136200  110.083000  1.30    10.150000 000 重庆市巫山县与湖北省恩施土家族苗族自治州巴东县交界
 20180610 144747.9  31.023000  110.478000  1.00     5.000000 000 湖北省宜昌市秭归县、恩施土家族苗族自治州巴东县交界
 20180610 185224.7  31.119000  110.032000  1.70     9.700000 000 重庆市巫山县与湖北省恩施土家族苗族自治州巴东县交界
 20180612 102739.6  31.152300  110.368000  1.00     5.000000 000 湖北省恩施土家族苗族自治州巴东县
 20180612 165412.4  31.123000  110.061000  1.30     9.930000 000 重庆市巫山县与湖北省恩施土家族苗族自治州巴东县交界
 20180612 165742.3  30.966200  110.378000  0.90     5.000000 000 湖北省恩施土家族苗族自治州巴东县
 20180612 175332.7  31.018500  110.458000  1.00     5.000000 000 湖北省宜昌市秭归县、恩施土家族苗族自治州巴东县交界
 20180613 165506.9  31.138500  110.044000  1.40     9.350000 000 重庆市巫山县与湖北省恩施土家族苗族自治州巴东县交界
 20180613 215646.3  31.039000  110.458000  0.90     5.000000 000 湖北省恩施土家族苗族自治州巴东县、宜昌市秭归县交界
 20180615 122217.7  30.983000  110.384000  1.10     5.000000 000 湖北省恩施土家族苗族自治州巴东县、宜昌市秭归县交界
 20180615 122613.6  31.154700  110.368000  0.80     5.000000 000 湖北省恩施土家族苗族自治州巴东县
 20180615 134720.0  30.991800  110.356000  0.90     5.040000 000 湖北省恩施土家族苗族自治州巴东县
 20180616 163132.9  31.077000  110.377000  1.20     5.890000 000 湖北省恩施土家族苗族自治州巴东县
 20180616 174555.3  31.130200  110.053000  1.40     9.980000 000 重庆市巫山县与湖北省恩施土家族苗族自治州巴东县交界
 20180616 214327.2  31.170500  110.444000  0.60     5.000000 000 湖北省恩施土家族苗族自治州巴东县、宜昌市兴山县交界
 20180617 012439.0  31.153200  110.451000  0.60     5.990000 000 湖北省恩施土家族苗族自治州巴东县、宜昌市兴山县交界
 20180618 111804.2  30.998200  110.380000  0.90     5.000000 000 湖北省恩施土家族苗族自治州巴东县
 20180620 140846.0  31.128200  110.025000  1.70    18.170000 000 重庆市巫山县与湖北省恩施土家族苗族自治州巴东县交界
 20180620 170634.8  31.065700  110.233000  1.00     5.000000 000 湖北省恩施土家族苗族自治州巴东县与重庆市巫山县交界
 20180620 182005.6  30.972700  110.386000  0.90     5.000000 000 湖北省恩施土家族苗族自治州巴东县、宜昌市秭归县交界
 20180621 123309.2  31.024800  110.142000  0.70     8.050000 000 湖北省恩施土家族苗族自治州巴东县与重庆市巫山县交界
 20180622 013921.3  31.135000  110.069000  1.20     8.140000 000 重庆市巫山县与湖北省恩施土家族苗族自治州巴东县交界
 20180623 104135.5  31.156500  110.373000  0.90     5.000000 000 湖北省恩施土家族苗族自治州巴东县
 20180623 111825.0  30.951200  110.373000  0.90     9.470000 000 湖北省恩施土家族苗族自治州巴东县
 20180624 182158.6  30.980500  110.397000  1.20     5.000000 000 湖北省恩施土家族苗族自治州巴东县、宜昌市秭归县交界
 20180625 063235.3  30.976800  110.000000  1.30    10.200000 000 重庆市巫山县与湖北省恩施土家族苗族自治州建始县交界
 20180627 014249.0  31.103700  110.074000  1.80     8.910000 000 重庆市巫山县与湖北省恩施土家族苗族自治州巴东县交界
 20180627 114626.6  30.849500  110.434000  0.80     5.000000 000 湖北省宜昌市秭归县、恩施土家族苗族自治州巴东县交界
 20180630 115724.3  31.200800  110.099000  0.80     5.990000 000 重庆市巫山县与湖北省恩施土家族苗族自治州巴东县交界
 20180630 122114.1  31.013400  110.449000  1.00     5.000000 000 湖北省宜昌市秭归县、恩施土家族苗族自治州巴东县交界
 20180701 004453.3  31.090000  110.076000  1.40     9.360000 000 重庆市巫山县与湖北省恩施土家族苗族自治州巴东县交界
 20180701 070312.9  31.038000  110.159000  1.60    18.000000 000 湖北省恩施土家族苗族自治州巴东县与重庆市巫山县交界
 20180701 134225.1  31.119800  110.035000  1.60     5.000000 000 重庆市巫山县与湖北省恩施土家族苗族自治州巴东县交界
 20180701 200413.9  31.072000  110.233000  1.00     5.000000 000 湖北省恩施土家族苗族自治州巴东县与重庆市巫山县交界
 20180702 133345.2  31.144700  110.363000  0.90     5.000000 000 湖北省恩施土家族苗族自治州巴东县
 20180702 183817.7  31.127000  110.059000  1.50    10.390000 000 重庆市巫山县与湖北省恩施土家族苗族自治州巴东县交界
 20180703 112215.0  30.990300  110.394000  1.20     5.000000 000 湖北省恩施土家族苗族自治州巴东县、宜昌市秭归县交界
 20180703 152055.0  31.166500  110.370000  0.60     5.000000 000 湖北省恩施土家族苗族自治州巴东县
 20180703 163757.0  30.990800  110.378000  0.90     5.000000 000 湖北省恩施土家族苗族自治州巴东县
 20180703 164750.1  30.980500  110.392000  0.90     5.000000 000 湖北省恩施土家族苗族自治州巴东县、宜昌市秭归县交界
 20180707 124741.5  31.102300  110.068000  1.40    12.230000 000 重庆市巫山县与湖北省恩施土家族苗族自治州巴东县交界
 20180707 145053.2  31.137300  110.366000  1.30     5.000000 000 湖北省恩施土家族苗族自治州巴东县
 20180707 230635.6  31.031000  110.455000  3.10     5.000000 000 湖北省恩施土家族苗族自治州巴东县
 20180707 234706.2  31.045200  110.440000  1.80     5.740000 000 湖北省恩施土家族苗族自治州巴东县、宜昌市秭归县交界
 20180708 082406.6  31.116200  110.197000  1.20     5.770000 000 湖北省恩施土家族苗族自治州巴东县与重庆市巫山县交界
 20180708 112449.6  31.123500  110.037000  1.70     9.600000 000 重庆市巫山县与湖北省恩施土家族苗族自治州巴东县交界
 20180708 183046.7  31.020200  110.165000  0.90    12.200000 000 湖北省恩施土家族苗族自治州巴东县与重庆市巫山县交界
 20180709 125252.3  31.038300  110.448000  0.80     5.000000 000 湖北省恩施土家族苗族自治州巴东县、宜昌市秭归县交界
 20180709 153416.4  31.039000  110.439000  1.40     6.240000 000 湖北省恩施土家族苗族自治州巴东县、宜昌市秭归县交界
 20180709 225957.8  31.042000  110.448000  2.50     5.000000 000 湖北省恩施土家族苗族自治州巴东县
 20180710 020332.0  31.035800  110.448000  0.60     5.000000 000 湖北省恩施土家族苗族自治州巴东县、宜昌市秭归县交界
 20180710 185221.8  31.038700  110.447000  1.50     6.150000 000 湖北省恩施土家族苗族自治州巴东县、宜昌市秭归县交界
 20180711 105442.5  31.142800  110.378000  1.50     5.000000 000 湖北省恩施土家族苗族自治州巴东县
 20180711 141937.5  31.029500  110.436000  1.50     6.440000 000 湖北省恩施土家族苗族自治州巴东县、宜昌市秭归县交界
 20180712 145159.2  31.128800  110.019000  1.70     7.040000 000 重庆市巫山县与湖北省恩施土家族苗族自治州巴东县交界
 20180713 114558.5  30.954700  110.382000  1.50     7.300000 000 湖北省恩施土家族苗族自治州巴东县、宜昌市秭归县交界
 20180715 222040.2  31.090500  110.092000  1.50     9.680000 000 重庆市巫山县与湖北省恩施土家族苗族自治州巴东县交界
 20180716 171549.0  31.107300  110.054000  1.50     5.000000 000 重庆市巫山县与湖北省恩施土家族苗族自治州巴东县交界
 20180717 031059.2  31.027000  110.450000  0.70     9.190000 000 湖北省恩施土家族苗族自治州巴东县、宜昌市秭归县交界
 20180717 141620.8  31.120000  110.039000  1.40     9.400000 000 重庆市巫山县与湖北省恩施土家族苗族自治州巴东县交界
 20180718 033249.0  30.946000  110.263000  1.00    10.290000 000 湖北省恩施土家族苗族自治州巴东县与重庆市巫山县交界
 20180718 161705.4  31.119000  110.032000  2.00     9.750000 000 重庆市巫山县与湖北省恩施土家族苗族自治州巴东县交界
 20180718 175747.4  31.166200  110.372000  1.20     5.000000 000 湖北省恩施土家族苗族自治州巴东县
 20180719 113217.8  31.144800  110.362000  1.30     5.000000 000 湖北省恩施土家族苗族自治州巴东县
 20180719 175339.3  30.969500  110.382000  0.80     5.240000 000 湖北省恩施土家族苗族自治州巴东县、宜昌市秭归县交界
 20180720 115836.5  31.112500  110.034000  1.70    11.650000 000 重庆市巫山县与湖北省恩施土家族苗族自治州巴东县交界
 20180721 124243.4  31.066000  110.441000  0.60     7.620000 000 湖北省恩施土家族苗族自治州巴东县、宜昌市秭归县交界
 20180721 200243.9  31.101300  110.079000  0.90     5.000000 000 重庆市巫山县与湖北省恩施土家族苗族自治州巴东县交界
 20180722 180654.7  31.148000  110.092000  1.60    10.000000 000 bm重庆奉节
 20180723 091348.2  30.964700  110.369000  1.20     5.000000 000 湖北省恩施土家族苗族自治州巴东县
 20180723 133346.9  31.168300  110.390000  1.10     5.000000 000 湖北省恩施土家族苗族自治州巴东县
 20180723 191926.7  30.966300  110.376000  1.30     5.720000 000 湖北省恩施土家族苗族自治州巴东县
 20180724 091036.9  31.138000  110.054000  1.70     6.690000 000 重庆市巫山县与湖北省恩施土家族苗族自治州巴东县交界
 20180724 110543.5  31.156200  110.372000  0.80     5.000000 000 湖北省恩施土家族苗族自治州巴东县
 20180725 115941.3  31.085200  110.077000  1.40     5.000000 000 重庆市巫山县与湖北省恩施土家族苗族自治州巴东县交界
 20180725 174520.9  31.035200  110.458000  1.10     8.620000 000 湖北省恩施土家族苗族自治州巴东县、宜昌市秭归县交界
 20180725 181114.4  31.077300  110.171000  1.10     8.510000 000 湖北省恩施土家族苗族自治州巴东县与重庆市巫山县交界
 20180727 173710.5  31.118500  110.031000  1.80    19.350000 000 重庆市巫山县与湖北省恩施土家族苗族自治州巴东县交界
 20180730 133622.8  30.953300  110.382000  0.90     7.610000 000 湖北省恩施土家族苗族自治州巴东县、宜昌市秭归县交界
 20180731 115057.3  31.233000  110.342000  1.20     5.000000 000 湖北省恩施土家族苗族自治州巴东县
 20180731 175418.2  31.135500  110.040000  1.70     8.750000 000 重庆市巫山县与湖北省恩施土家族苗族自治州巴东县交界
 20180731 182652.7  30.977300  110.391000  1.20     5.000000 000 湖北省恩施土家族苗族自治州巴东县、宜昌市秭归县交界
 20180801 151906.6  31.176700  110.354000  1.20     5.000000 000 湖北省恩施土家族苗族自治州巴东县
 20180802 011217.1  31.044000  110.438000  1.60    10.180000 000 湖北省恩施土家族苗族自治州巴东县、宜昌市秭归县交界
 20180802 130908.8  31.109200  110.106000  1.40     8.270000 000 重庆市巫山县与湖北省恩施土家族苗族自治州巴东县交界
 20180803 165615.0  31.095300  110.031000  1.50    13.280000 000 重庆市巫山县与湖北省恩施土家族苗族自治州巴东县交界
 20180803 171918.9  30.982800  110.379000  0.90     5.000000 000 湖北省恩施土家族苗族自治州巴东县
 20180804 153200.6  30.996700  110.000000  1.30     9.610000 000 重庆市巫山县
 20180804 161448.8  31.165200  110.374000  1.10     5.000000 000 湖北省恩施土家族苗族自治州巴东县
 20180804 163018.2  31.041500  110.436000  1.50     6.240000 000 湖北省恩施土家族苗族自治州巴东县、宜昌市秭归县交界
 20180806 134358.4  31.146500  110.375000  1.10     5.000000 000 湖北省恩施土家族苗族自治州巴东县
 20180807 113457.2  31.143500  110.030000  1.40     5.000000 000 重庆市巫山县与湖北省恩施土家族苗族自治州巴东县交界
 20180808 191826.8  30.996200  110.376000  1.00     5.000000 000 湖北省恩施土家族苗族自治州巴东县
 20180809 045804.9  31.041200  110.433000  0.20     5.790000 000 湖北省恩施土家族苗族自治州巴东县、宜昌市秭归县交界
 20180809 131632.3  31.022200  110.465000  0.50     5.000000 000 湖北省宜昌市秭归县、恩施土家族苗族自治州巴东县交界
 20180811 001327.2  31.050700  110.186000  0.60     6.320000 000 湖北省恩施土家族苗族自治州巴东县与重庆市巫山县交界
 20180811 135212.0  31.127000  110.097000  1.30     6.760000 000 重庆市巫山县与湖北省恩施土家族苗族自治州巴东县交界
 20180812 111949.7  31.127000  110.052000  1.30     9.770000 000 重庆市巫山县与湖北省恩施土家族苗族自治州巴东县交界
 20180813 172356.4  31.129200  110.071000  1.40     9.810000 000 重庆市巫山县与湖北省恩施土家族苗族自治州巴东县交界
 20180814 120659.5  31.130300  110.376000  0.80     5.000000 000 湖北省恩施土家族苗族自治州巴东县
 20180814 182846.9  30.962500  110.385000  1.20     9.590000 000 湖北省恩施土家族苗族自治州巴东县、宜昌市秭归县交界
 20180815 185213.0  30.998800  110.019000  1.40    12.360000 000 重庆市巫山县与湖北省恩施土家族苗族自治州巴东县交界
 20180817 104404.4  31.167800  110.361000  1.40     5.000000 000 湖北省恩施土家族苗族自治州巴东县
 20180819 125904.9  30.950000  110.269000  0.90     9.930000 000 湖北省恩施土家族苗族自治州巴东县
 20180819 134730.2  31.064800  110.290000  0.80     5.000000 000 湖北省恩施土家族苗族自治州巴东县
 20180819 144657.5  30.978800  110.389000  0.90     6.100000 000 湖北省恩施土家族苗族自治州巴东县、宜昌市秭归县交界
 20180820 113816.0  30.975500  110.382000  0.80     5.000000 000 湖北省恩施土家族苗族自治州巴东县、宜昌市秭归县交界
 20180820 120748.6  31.014300  110.449000  1.10     5.000000 000 湖北省宜昌市秭归县、恩施土家族苗族自治州巴东县交界
 20180821 150527.5  31.156300  110.376000  0.80     5.000000 000 湖北省恩施土家族苗族自治州巴东县
 20180822 150701.3  30.931500  110.462000  0.90     9.680000 000 湖北省宜昌市秭归县、恩施土家族苗族自治州巴东县交界
 20180823 115506.7  31.156300  110.363000  0.80     8.810000 000 湖北省恩施土家族苗族自治州巴东县
 20180824 142222.7  31.117300  110.024000  1.40    10.990000 000 重庆市巫山县与湖北省恩施土家族苗族自治州巴东县交界
 20180826 091108.7  31.012800  110.378000  0.90     5.450000 000 湖北省恩施土家族苗族自治州巴东县
 20180826 120448.4  31.120300  110.037000  1.90     9.810000 000 重庆市巫山县与湖北省恩施土家族苗族自治州巴东县交界
 20180827 160611.6  31.123500  110.052000  1.40    11.600000 000 重庆市巫山县与湖北省恩施土家族苗族自治州巴东县交界
 20180827 170923.2  31.006000  110.148000  1.10    12.750000 000 湖北省恩施土家族苗族自治州巴东县与重庆市巫山县交界
 20180828 174635.4  31.126300  110.021000  1.50     7.780000 000 重庆市巫山县与湖北省恩施土家族苗族自治州巴东县交界
 20180829 153154.5  31.180300  110.145000  1.50     9.200000 000 重庆市巫山县与湖北省恩施土家族苗族自治州巴东县交界
 20180830 094945.2  31.122800  110.379000  0.80     5.000000 000 湖北省恩施土家族苗族自治州巴东县
 20180830 194949.9  31.156500  110.230000  0.60     5.370000 000 湖北省恩施土家族苗族自治州巴东县与重庆市巫山县交界
 20180831 145549.0  30.995800  110.150000  0.80     7.010000 000 湖北省恩施土家族苗族自治州巴东县与重庆市巫山县交界
 20180901 101825.4  31.078200  110.009000  1.90     5.000000 000 重庆市巫山县
 20180901 154719.9  31.105000  110.048000  1.70     9.600000 000 重庆市巫山县与湖北省恩施土家族苗族自治州巴东县交界
 20180902 055612.9  31.159000  110.120000  0.60     5.000000 000 重庆市巫山县与湖北省恩施土家族苗族自治州巴东县交界
 20180902 112831.3  30.969500  110.397000  0.80     5.680000 000 湖北省恩施土家族苗族自治州巴东县、宜昌市秭归县交界
 20180902 133849.5  30.993800  110.164000  0.90     9.300000 000 湖北省恩施土家族苗族自治州巴东县与重庆市巫山县交界
 20180902 152433.6  31.128800  110.020000  1.50     5.000000 000 重庆市巫山县与湖北省恩施土家族苗族自治州巴东县交界
 20180903 005724.1  31.072000  110.152000  1.20     6.650000 000 湖北省恩施土家族苗族自治州巴东县与重庆市巫山县交界
 20180903 150000.6  31.125500  110.024000  1.20     5.000000 000 重庆市巫山县与湖北省恩施土家族苗族自治州巴东县交界
 20180905 133634.1  31.152800  110.380000  1.00     5.000000 000 湖北省恩施土家族苗族自治州巴东县
 20180905 153014.8  30.947500  110.383000  0.90     9.450000 000 湖北省恩施土家族苗族自治州巴东县、宜昌市秭归县交界
 20180906 131857.3  30.997300  110.148000  0.80     9.810000 000 湖北省恩施土家族苗族自治州巴东县与重庆市巫山县交界
 20180907 153824.0  30.999500  110.156000  0.70     9.610000 000 湖北省恩施土家族苗族自治州巴东县与重庆市巫山县交界
 20180908 175343.0  31.000500  110.171000  0.90     7.510000 000 湖北省恩施土家族苗族自治州巴东县与重庆市巫山县交界
 20180909 013700.1  31.043300  110.444000  0.90     9.260000 000 湖北省恩施土家族苗族自治州巴东县、宜昌市秭归县交界
 20180910 030913.0  31.042700  110.458000  0.60     5.900000 000 湖北省恩施土家族苗族自治州巴东县、宜昌市秭归县交界
 20180910 113943.6  31.116300  110.035000  1.60     9.760000 000 重庆市巫山县与湖北省恩施土家族苗族自治州巴东县交界
 20180910 194026.3  31.016200  110.160000  1.10     7.010000 000 湖北省恩施土家族苗族自治州巴东县与重庆市巫山县交界
 20180911 160549.9  31.080500  110.184000  0.90     5.000000 000 湖北省恩施土家族苗族自治州巴东县与重庆市巫山县交界
 20180911 165922.7  31.204300  110.354000  1.30     5.000000 000 湖北省恩施土家族苗族自治州巴东县
 20180911 182911.9  31.018500  110.153000  0.70     7.870000 000 湖北省恩施土家族苗族自治州巴东县与重庆市巫山县交界
 20180913 080028.0  31.116700  110.038000  1.30     5.400000 000 重庆市巫山县与湖北省恩施土家族苗族自治州巴东县交界
 20180913 114422.8  31.178200  110.385000  1.20     5.000000 000 湖北省恩施土家族苗族自治州巴东县
 20180913 234704.2  31.097200  110.070000  0.90    10.010000 000 重庆市巫山县与湖北省恩施土家族苗族自治州巴东县交界
 20180913 235036.8  31.040700  110.441000  0.60     6.500000 000 湖北省恩施土家族苗族自治州巴东县、宜昌市秭归县交界
 20180914 152329.0  30.988500  110.174000  0.90     9.020000 000 湖北省恩施土家族苗族自治州巴东县与重庆市巫山县交界
 20180914 210918.8  31.036000  110.437000  0.90     8.350000 000 湖北省恩施土家族苗族自治州巴东县、宜昌市秭归县交界
 20180915 141259.7  31.124800  110.016000  1.50     6.470000 000 重庆市巫山县
 20180915 191317.7  31.159000  110.171000  1.10    18.000000 000 重庆市巫山县与湖北省恩施土家族苗族自治州巴东县交界
 20180916 112910.0  31.129200  110.070000  1.70     9.530000 000 重庆市巫山县与湖北省恩施土家族苗族自治州巴东县交界
 20180916 120853.1  31.029300  110.460000  0.90     5.000000 000 湖北省恩施土家族苗族自治州巴东县、宜昌市秭归县交界
 20180916 122903.6  30.978500  110.389000  0.80     7.340000 000 湖北省恩施土家族苗族自治州巴东县、宜昌市秭归县交界
 20180916 182558.4  30.877500  110.065000  0.80    15.240000 000 重庆市巫山县与湖北省恩施土家族苗族自治州巴东县、建
 20180917 112838.2  31.032800  110.078000  1.10     8.470000 000 重庆市巫山县与湖北省恩施土家族苗族自治州巴东县交界
 20180917 150618.8  31.159800  110.380000  0.90     5.000000 000 湖北省恩施土家族苗族自治州巴东县
 20180917 162543.3  31.116700  110.012000  1.70     9.810000 000 重庆市巫山县
 20180919 024729.2  31.080200  110.253000  0.50     9.870000 000 湖北省恩施土家族苗族自治州巴东县与重庆市巫山县交界
 20180919 113657.5  31.015500  110.156000  0.90     9.080000 000 湖北省恩施土家族苗族自治州巴东县与重庆市巫山县交界
 20180919 122955.9  31.099300  110.444000  0.80     5.000000 000 湖北省恩施土家族苗族自治州巴东县、宜昌市秭归县交界
 20180920 100829.3  31.220500  110.296000  1.00     5.000000 000 湖北省恩施土家族苗族自治州巴东县
 20180921 174121.4  31.139500  110.008000  1.60     8.420000 000 重庆市巫山县
 20180922 102337.3  30.996500  110.178000  0.90     5.920000 000 湖北省恩施土家族苗族自治州巴东县与重庆市巫山县交界
 20180923 053716.5  31.035500  110.458000  0.10     5.070000 000 湖北省恩施土家族苗族自治州巴东县、宜昌市秭归县交界
 20180923 084222.4  31.015700  110.177000  0.90     5.880000 000 湖北省恩施土家族苗族自治州巴东县与重庆市巫山县交界
 20180923 164851.2  31.118300  110.015000  1.30     9.520000 000 重庆市巫山县与湖北省恩施土家族苗族自治州巴东县交界
 20180924 094653.0  30.746800  110.014000  1.90     9.040000 000 湖北省恩施土家族苗族自治州建始县与重庆市巫山县交界
 20180924 113047.7  30.989000  110.152000  1.20     5.290000 000 重庆市巫山县与湖北省恩施土家族苗族自治州巴东县交界
 20180926 155314.5  31.083000  110.079000  0.90     5.000000 000 重庆市巫山县与湖北省恩施土家族苗族自治州巴东县交界
 20180927 124437.5  30.810000  110.430000  0.90     9.070000 000 湖北省宜昌市秭归县、恩施土家族苗族自治州巴东县交界
 20180927 125448.9  31.159700  110.355000  1.10     5.000000 000 湖北省恩施土家族苗族自治州巴东县
 20180927 143232.9  31.219500  110.328000  0.90     5.000000 000 湖北省恩施土家族苗族自治州巴东县
 20180927 161133.1  30.971500  110.388000  1.00     5.000000 000 湖北省恩施土家族苗族自治州巴东县、宜昌市秭归县交界
 20180928 111629.1  31.133300  110.059000  2.10     9.580000 000 重庆市巫山县与湖北省恩施土家族苗族自治州巴东县交界
 20180928 123741.6  30.974500  110.389000  0.40     5.000000 000 湖北省恩施土家族苗族自治州巴东县、宜昌市秭归县交界
 20180928 124254.5  31.084000  110.022000  1.70    10.000000 000 bm重庆巫山
 20180929 120912.1  31.216500  110.446000  1.10     5.000000 000 湖北省恩施土家族苗族自治州巴东县、宜昌市兴山县交界
 20180929 155402.0  31.200500  110.063000  1.60    13.770000 000 重庆市巫山县与湖北省恩施土家族苗族自治州巴东县交界
 20180930 110354.3  31.131000  110.012000  1.80     7.600000 000 重庆市巫山县
 20181002 142628.8  31.005700  110.171000  1.20    10.050000 000 湖北省恩施土家族苗族自治州巴东县与重庆市巫山县交界
 20181002 162131.0  31.117300  110.020000  1.60     5.000000 000 重庆市巫山县与湖北省恩施土家族苗族自治州巴东县交界
 20181003 003137.3  30.951200  110.462000  0.50     8.930000 000 湖北省宜昌市秭归县、恩施土家族苗族自治州巴东县交界
 20181003 180430.1  31.114000  110.017000  1.40     9.480000 000 重庆市巫山县与湖北省恩施土家族苗族自治州巴东县交界
 20181004 004846.8  31.168300  110.433000  1.50    15.940000 000 湖北省恩施土家族苗族自治州巴东县、宜昌市兴山县交界
 20181004 115358.5  30.983700  110.374000  0.80     5.000000 000 湖北省恩施土家族苗族自治州巴东县
 20181005 171344.4  31.130800  110.006000  1.70    10.170000 000 重庆市巫山县
 20181005 195057.7  30.834800  110.458000  0.70     5.000000 000 湖北省宜昌市秭归县
 20181006 030031.4  31.037200  110.452000  0.60     7.100000 000 湖北省恩施土家族苗族自治州巴东县、宜昌市秭归县交界
 20181007 152211.6  31.041000  110.445000  1.40     9.630000 000 湖北省恩施土家族苗族自治州巴东县、宜昌市秭归县交界
 20181008 091442.9  31.040700  110.454000  1.00     9.870000 000 湖北省恩施土家族苗族自治州巴东县、宜昌市秭归县交界
 20181008 112046.7  31.186200  110.331000  1.10     9.860000 000 湖北省恩施土家族苗族自治州巴东县
 20181009 052521.0  31.035700  110.458000  1.30     5.820000 000 湖北省恩施土家族苗族自治州巴东县、宜昌市秭归县交界
 20181009 114352.8  31.170300  110.372000  1.10     5.000000 000 湖北省恩施土家族苗族自治州巴东县
 20181009 123604.1  31.198500  110.036000  1.40     7.260000 000 重庆市巫山县
 20181009 150128.0  30.968800  110.384000  1.10     5.000000 000 湖北省恩施土家族苗族自治州巴东县、宜昌市秭归县交界
 20181009 164750.5  31.116800  110.017000  1.10     5.000000 000 重庆市巫山县与湖北省恩施土家族苗族自治州巴东县交界
 20181010 172411.8  31.114500  110.015000  1.60     8.330000 000 重庆市巫山县与湖北省恩施土家族苗族自治州巴东县交界
 20181011 080519.0  31.044800  110.444000  1.30     5.510000 000 湖北省恩施土家族苗族自治州巴东县、宜昌市秭归县交界
 20181011 150631.1  31.044167  110.465167  4.90     4.100000 000 湖北省宜昌市秭归县
 20181011 151656.1  31.050200  110.460000  1.00     5.000000 000 湖北省恩施土家族苗族自治州巴东县
 20181011 151741.1  31.041300  110.462000  0.80     6.210000 000 湖北省恩施土家族苗族自治州巴东县
 20181011 151928.6  31.037700  110.445000  1.20     6.100000 000 湖北省恩施土家族苗族自治州巴东县
 20181011 152100.5  31.042200  110.459000  1.10     5.630000 000 湖北省恩施土家族苗族自治州巴东县
 20181011 152610.7  31.042000  110.448000  0.80    10.030000 000 湖北省恩施土家族苗族自治州巴东县
 20181011 160659.2  31.036300  110.457000  1.40    10.020000 000 湖北省恩施土家族苗族自治州巴东县
 20181011 161929.8  31.037500  110.452000  1.60     9.700000 000 湖北省恩施土家族苗族自治州巴东县
 20181011 162126.8  31.033300  110.445000  1.20     6.110000 000 湖北省恩施土家族苗族自治州巴东县
 20181011 162850.6  31.037800  110.448000  1.20     8.490000 000 湖北省恩施土家族苗族自治州巴东县
 20181011 164237.2  30.972200  110.383000  1.10     5.000000 000 湖北省恩施土家族苗族自治州巴东县
 20181011 171003.7  31.043830  110.462000  4.60     5.000000 000 湖北省宜昌市秭归县
 20181011 172602.9  31.037800  110.460000  1.10     9.510000 000 湖北省恩施土家族苗族自治州巴东县
 20181011 173925.2  31.032800  110.452000  1.10     7.530000 000 湖北省恩施土家族苗族自治州巴东县
 20181011 180920.8  31.034500  110.453000  0.70     5.840000 000 湖北省恩施土家族苗族自治州巴东县、宜昌市秭归县交界
 20181011 181153.1  31.037300  110.445000  1.60     9.730000 000 湖北省恩施土家族苗族自治州巴东县、宜昌市秭归县交界
 20181011 183744.7  31.033700  110.454000  0.60    10.050000 000 湖北省恩施土家族苗族自治州巴东县、宜昌市秭归县交界
 20181011 185402.3  31.033300  110.459000  0.90     6.430000 000 湖北省恩施土家族苗族自治州巴东县、宜昌市秭归县交界
 20181011 193559.0  31.035700  110.458000  0.70     5.000000 000 湖北省恩施土家族苗族自治州巴东县、宜昌市秭归县交界
 20181011 203712.7  31.041700  110.461000  2.40    11.510000 000 湖北省恩施土家族苗族自治州巴东县、宜昌市秭归县交界
 20181011 205533.8  31.044000  110.458000  0.20     6.220000 000 湖北省恩施土家族苗族自治州巴东县、宜昌市秭归县交界
 20181011 213930.6  31.041800  110.450000  0.90     7.400000 000 湖北省恩施土家族苗族自治州巴东县、宜昌市秭归县交界
 20181011 214640.4  31.040800  110.456000  0.30    11.320000 000 湖北省恩施土家族苗族自治州巴东县、宜昌市秭归县交界
 20181011 220511.6  31.033200  110.446000  0.90     6.850000 000 湖北省恩施土家族苗族自治州巴东县、宜昌市秭归县交界
 20181011 222600.1  31.033800  110.453000  2.40    13.010000 000 湖北省恩施土家族苗族自治州巴东县、宜昌市秭归县交界
 20181011 233015.3  31.038000  110.450000  1.30     9.890000 000 湖北省恩施土家族苗族自治州巴东县、宜昌市秭归县交界
 20181011 235520.7  31.038500  110.456000  0.20     5.000000 000 湖北省恩施土家族苗族自治州巴东县、宜昌市秭归县交界
 20181012 002535.1  31.046000  110.450000  1.00     5.000000 000 湖北省恩施土家族苗族自治州巴东县、宜昌市秭归县交界
 20181012 005950.1  31.035500  110.452000  1.30    10.130000 000 湖北省恩施土家族苗族自治州巴东县、宜昌市秭归县交界
 20181012 010702.2  31.032300  110.452000  1.10    10.150000 000 湖北省恩施土家族苗族自治州巴东县、宜昌市秭归县交界
 20181012 013921.7  31.033000  110.455000  2.00    10.290000 000 湖北省恩施土家族苗族自治州巴东县、宜昌市秭归县交界
 20181012 023550.8  31.037300  110.449000  1.60    13.060000 000 湖北省恩施土家族苗族自治州巴东县、宜昌市秭归县交界
 20181012 024033.3  31.040800  110.458000  2.00    11.350000 000 湖北省恩施土家族苗族自治州巴东县、宜昌市秭归县交界
 20181012 024141.4  31.077000  110.443000  0.70     5.000000 000 湖北省恩施土家族苗族自治州巴东县、宜昌市秭归县交界
 20181012 025031.9  31.033800  110.453000  2.60    12.730000 000 湖北省恩施土家族苗族自治州巴东县、宜昌市秭归县交界
 20181012 025224.2  31.035200  110.454000  1.80    10.380000 000 湖北省恩施土家族苗族自治州巴东县、宜昌市秭归县交界
 20181012 025351.3  31.037500  110.452000  0.60     7.100000 000 湖北省恩施土家族苗族自治州巴东县、宜昌市秭归县交界
 20181012 025519.6  31.037700  110.453000  0.70     7.370000 000 湖北省恩施土家族苗族自治州巴东县、宜昌市秭归县交界
 20181012 025619.6  31.037700  110.453000  0.20     7.370000 000 湖北省恩施土家族苗族自治州巴东县、宜昌市秭归县交界
 20181012 025813.8  31.041700  110.459000  1.10    11.050000 000 湖北省恩施土家族苗族自治州巴东县、宜昌市秭归县交界
 20181012 025849.0  31.034700  110.453000  0.80     8.550000 000 湖北省恩施土家族苗族自治州巴东县、宜昌市秭归县交界
 20181012 031118.1  31.036000  110.451000  1.00    10.130000 000 湖北省恩施土家族苗族自治州巴东县、宜昌市秭归县交界
 20181012 031818.9  31.039000  110.457000  1.50    11.150000 000 湖北省恩施土家族苗族自治州巴东县、宜昌市秭归县交界
 20181012 032914.0  31.040300  110.458000  2.40    13.990000 000 湖北省恩施土家族苗族自治州巴东县、宜昌市秭归县交界
 20181012 033322.3  31.033200  110.459000  0.70    10.450000 000 湖北省恩施土家族苗族自治州巴东县、宜昌市秭归县交界
 20181012 034336.9  31.026800  110.455000  0.90    11.130000 000 湖北省恩施土家族苗族自治州巴东县、宜昌市秭归县交界
 20181012 035504.8  31.040000  110.446000  0.60    10.000000 000 湖北省恩施土家族苗族自治州巴东县、宜昌市秭归县交界
 20181012 040024.5  31.040800  110.447000  0.40     8.570000 000 湖北省恩施土家族苗族自治州巴东县、宜昌市秭归县交界
 20181012 040715.2  31.036700  110.454000  0.90    12.040000 000 湖北省恩施土家族苗族自治州巴东县、宜昌市秭归县交界
 20181012 041355.4  31.041300  110.457000  1.40    12.940000 000 湖北省恩施土家族苗族自治州巴东县、宜昌市秭归县交界
 20181012 042213.7  31.046000  110.456000  0.60     6.660000 000 湖北省恩施土家族苗族自治州巴东县、宜昌市秭归县交界
 20181012 043557.7  31.045300  110.452000  0.50     5.000000 000 湖北省恩施土家族苗族自治州巴东县、宜昌市秭归县交界
 20181012 064712.7  31.047000  110.455000  0.70     7.120000 000 湖北省恩施土家族苗族自治州巴东县、宜昌市秭归县交界
 20181012 081353.0  31.034300  110.452000  2.10    10.270000 000 湖北省恩施土家族苗族自治州巴东县、宜昌市秭归县交界
 20181012 100901.8  31.040800  110.456000  1.60     9.870000 000 湖北省恩施土家族苗族自治州巴东县、宜昌市秭归县交界
 20181012 121406.7  31.043700  110.449000  1.90     9.460000 000 湖北省恩施土家族苗族自治州巴东县、宜昌市秭归县交界
 20181012 122827.8  31.199200  110.069000  1.20     5.000000 000 重庆市巫山县与湖北省恩施土家族苗族自治州巴东县交界
 20181012 134953.0  31.030800  110.452000  1.20     5.580000 000 湖北省恩施土家族苗族自治州巴东县、宜昌市秭归县交界
 20181012 142154.4  31.043300  110.448000  0.50     5.000000 000 湖北省恩施土家族苗族自治州巴东县、宜昌市秭归县交界
 20181012 144502.3  31.021500  110.449000  0.70     5.000000 000 湖北省宜昌市秭归县、恩施土家族苗族自治州巴东县交界
 20181012 164256.3  31.028000  110.451000  0.60     5.320000 000 湖北省恩施土家族苗族自治州巴东县、宜昌市秭归县交界
 20181012 184251.7  31.034500  110.446000  0.90     5.240000 000 湖北省恩施土家族苗族自治州巴东县、宜昌市秭归县交界
 20181012 190859.7  31.028500  110.446000  0.40     5.000000 000 湖北省恩施土家族苗族自治州巴东县、宜昌市秭归县交界
 20181012 201504.1  31.034800  110.456000  0.50     6.170000 000 湖北省恩施土家族苗族自治州巴东县、宜昌市秭归县交界
 20181012 222753.2  31.038200  110.454000  2.40     9.770000 000 湖北省恩施土家族苗族自治州巴东县、宜昌市秭归县交界
 20181012 231931.1  31.039300  110.453000  0.80    10.080000 000 湖北省恩施土家族苗族自治州巴东县、宜昌市秭归县交界
 20181012 234732.7  31.033800  110.478000  0.20     5.000000 000 湖北省宜昌市秭归县、恩施土家族苗族自治州巴东县交界
 20181013 004310.9  31.034800  110.451000  0.60     8.340000 000 湖北省恩施土家族苗族自治州巴东县、宜昌市秭归县交界
 20181013 005036.0  31.038000  110.447000  0.30     5.000000 000 湖北省恩施土家族苗族自治州巴东县、宜昌市秭归县交界
 20181013 021139.6  31.040000  110.447000  0.80     7.580000 000 湖北省恩施土家族苗族自治州巴东县、宜昌市秭归县交界
 20181013 022017.7  31.037200  110.432000  0.10     5.000000 000 湖北省恩施土家族苗族自治州巴东县、宜昌市秭归县交界
 20181013 024914.8  31.035000  110.442000  0.00     5.000000 000 湖北省恩施土家族苗族自治州巴东县、宜昌市秭归县交界
 20181013 031746.4  31.031500  110.445000  1.10     5.000000 000 湖北省恩施土家族苗族自治州巴东县、宜昌市秭归县交界
 20181013 034951.5  31.037700  110.440000  0.50     5.040000 000 湖北省恩施土家族苗族自治州巴东县、宜昌市秭归县交界
 20181013 052336.4  31.035500  110.466000  0.60     5.000000 000 湖北省恩施土家族苗族自治州巴东县、宜昌市秭归县交界
 20181013 055442.5  31.036000  110.458000  1.30     9.280000 000 湖北省恩施土家族苗族自治州巴东县、宜昌市秭归县交界
 20181013 073746.9  31.036300  110.468000  0.80     5.000000 000 湖北省恩施土家族苗族自治州巴东县、宜昌市秭归县交界
 20181013 075103.5  31.042000  110.447000  0.40     5.550000 000 湖北省恩施土家族苗族自治州巴东县、宜昌市秭归县交界
 20181013 084159.3  31.052800  110.451000  0.80     5.000000 000 湖北省恩施土家族苗族自治州巴东县、宜昌市秭归县交界
 20181013 085056.3  31.042200  110.459000  1.10     6.770000 000 湖北省恩施土家族苗族自治州巴东县、宜昌市秭归县交界
 20181013 124659.4  31.007000  110.473000  0.70    13.420000 000 湖北省宜昌市秭归县、恩施土家族苗族自治州巴东县交界
 20181013 151559.2  31.044000  110.452000  0.70     7.360000 000 湖北省恩施土家族苗族自治州巴东县、宜昌市秭归县交界
 20181013 162613.8  31.017300  110.450000  0.60     5.740000 000 湖北省宜昌市秭归县、恩施土家族苗族自治州巴东县交界
 20181013 174811.7  31.039300  110.448000  0.80     6.210000 000 湖北省恩施土家族苗族自治州巴东县、宜昌市秭归县交界
 20181013 194006.2  31.039200  110.463000  1.40     9.790000 000 湖北省恩施土家族苗族自治州巴东县、宜昌市秭归县交界
 20181013 194204.9  31.038200  110.456000  1.10     9.930000 000 湖北省恩施土家族苗族自治州巴东县、宜昌市秭归县交界
 20181013 212316.0  31.042800  110.460000  1.80    10.200000 000 湖北省恩施土家族苗族自治州巴东县、宜昌市秭归县交界
 20181013 221324.3  31.042500  110.466000  0.70     9.250000 000 湖北省恩施土家族苗族自治州巴东县、宜昌市秭归县交界
 20181013 223255.6  31.039500  110.455000  0.50    10.240000 000 湖北省恩施土家族苗族自治州巴东县、宜昌市秭归县交界
 20181013 230544.6  31.037200  110.439000  0.70     7.560000 000 湖北省恩施土家族苗族自治州巴东县、宜昌市秭归县交界
 20181014 043618.5  31.039500  110.445000  0.50     6.290000 000 湖北省恩施土家族苗族自治州巴东县、宜昌市秭归县交界
 20181014 132125.6  31.228300  110.079000  1.00     5.000000 000 重庆市巫山县与湖北省恩施土家族苗族自治州巴东县交界
 20181014 133241.2  31.300500  110.049000  1.20     7.870000 000 重庆市巫山县与湖北省神农架林区交界地区
 20181014 145739.0  31.036700  110.452000  2.60    12.580000 000 湖北省恩施土家族苗族自治州巴东县、宜昌市秭归县交界
 20181014 160238.3  31.039300  110.452000  1.20     9.830000 000 湖北省恩施土家族苗族自治州巴东县、宜昌市秭归县交界
 20181014 171829.3  31.034800  110.455000  1.30     9.970000 000 湖北省恩施土家族苗族自治州巴东县、宜昌市秭归县交界
 20181015 002834.1  31.155300  110.378000  0.80     5.000000 000 湖北省恩施土家族苗族自治州巴东县
 20181015 054328.9  31.039700  110.455000  0.60     9.040000 000 湖北省恩施土家族苗族自治州巴东县、宜昌市秭归县交界
 20181015 072722.3  31.037700  110.451000  0.70     6.890000 000 湖北省恩施土家族苗族自治州巴东县、宜昌市秭归县交界
 20181015 072743.6  31.030000  110.448000  1.30    10.000000 000 湖北省恩施土家族苗族自治州巴东县、宜昌市秭归县交界
 20181015 072813.3  31.037700  110.458000  1.10     5.000000 000 湖北省恩施土家族苗族自治州巴东县、宜昌市秭归县交界
 20181015 111422.4  31.034200  110.450000  1.10     7.730000 000 湖北省恩施土家族苗族自治州巴东县、宜昌市秭归县交界
 20181015 114811.6  30.985500  110.384000  0.80     6.430000 000 湖北省恩施土家族苗族自治州巴东县、宜昌市秭归县交界
 20181015 140733.9  31.035700  110.453000  1.80     9.840000 000 湖北省恩施土家族苗族自治州巴东县、宜昌市秭归县交界
 20181015 141911.2  31.042300  110.453000  1.10     9.950000 000 湖北省恩施土家族苗族自治州巴东县、宜昌市秭归县交界
 20181015 144139.4  31.038200  110.452000  1.70     9.680000 000 湖北省恩施土家族苗族自治州巴东县、宜昌市秭归县交界
 20181015 152204.0  31.037700  110.458000  1.70     9.980000 000 湖北省恩施土家族苗族自治州巴东县、宜昌市秭归县交界
 20181015 152531.9  31.038800  110.456000  1.20     8.260000 000 湖北省恩施土家族苗族自治州巴东县、宜昌市秭归县交界
 20181015 154306.9  31.037500  110.454000  1.40     9.510000 000 湖北省恩施土家族苗族自治州巴东县、宜昌市秭归县交界
 20181015 155425.1  31.031500  110.459000  1.00     6.990000 000 湖北省恩施土家族苗族自治州巴东县、宜昌市秭归县交界
 20181015 172309.4  31.036500  110.457000  1.00     7.600000 000 湖北省恩施土家族苗族自治州巴东县、宜昌市秭归县交界
 20181015 204327.6  31.035500  110.448000  0.70     7.920000 000 湖北省恩施土家族苗族自治州巴东县、宜昌市秭归县交界
 20181016 061358.5  31.044500  110.450000  0.70     7.070000 000 湖北省恩施土家族苗族自治州巴东县、宜昌市秭归县交界
 20181016 133919.6  31.031000  110.454000  0.60     6.360000 000 湖北省恩施土家族苗族自治州巴东县、宜昌市秭归县交界
 20181016 153258.3  31.034700  110.458000  1.00    12.040000 000 湖北省恩施土家族苗族自治州巴东县、宜昌市秭归县交界
 20181016 154939.1  31.041000  110.448000  0.90     7.050000 000 湖北省恩施土家族苗族自治州巴东县、宜昌市秭归县交界
 20181016 200253.8  31.042700  110.453000  0.90     7.520000 000 湖北省恩施土家族苗族自治州巴东县、宜昌市秭归县交界
 20181017 141826.0  31.044800  110.460000  0.90     5.200000 000 湖北省恩施土家族苗族自治州巴东县、宜昌市秭归县交界
 20181017 155923.6  31.037500  110.453000  1.20     6.540000 000 湖北省恩施土家族苗族自治州巴东县、宜昌市秭归县交界
 20181017 160058.2  31.103700  110.018000  1.50     9.400000 000 重庆市巫山县与湖北省恩施土家族苗族自治州巴东县交界
 20181017 185543.8  31.036700  110.456000  0.50     5.340000 000 湖北省恩施土家族苗族自治州巴东县、宜昌市秭归县交界
 20181017 191141.1  31.043200  110.449000  1.00     7.500000 000 湖北省恩施土家族苗族自治州巴东县、宜昌市秭归县交界
 20181018 061408.2  31.039000  110.453000  1.20     9.690000 000 湖北省恩施土家族苗族自治州巴东县、宜昌市秭归县交界
 20181018 155922.6  31.131800  110.030000  1.70     9.990000 000 重庆市巫山县与湖北省恩施土家族苗族自治州巴东县交界
 20181019 002751.0  31.038000  110.456000  2.30    10.260000 000 湖北省恩施土家族苗族自治州巴东县、宜昌市秭归县交界
 20181019 015015.0  31.035200  110.439000  0.40     5.430000 000 湖北省恩施土家族苗族自治州巴东县、宜昌市秭归县交界
 20181019 121356.2  31.152700  110.362000  0.30     5.000000 000 湖北省恩施土家族苗族自治州巴东县
 20181019 160720.5  31.042500  110.452000  1.20     5.800000 000 湖北省恩施土家族苗族自治州巴东县、宜昌市秭归县交界
 20181019 195115.2  31.033800  110.448000  1.20     8.020000 000 湖北省恩施土家族苗族自治州巴东县、宜昌市秭归县交界
 20181020 030544.3  31.034300  110.431000  0.40     5.270000 000 湖北省恩施土家族苗族自治州巴东县、宜昌市秭归县交界
 20181021 093742.4  31.035800  110.430000  1.40     7.800000 000 湖北省恩施土家族苗族自治州巴东县、宜昌市秭归县交界
 20181021 112436.3  31.038300  110.447000  1.30     9.870000 000 湖北省恩施土家族苗族自治州巴东县、宜昌市秭归县交界
 20181021 150106.6  31.040000  110.452000  1.20     9.630000 000 湖北省恩施土家族苗族自治州巴东县、宜昌市秭归县交界
 20181022 040509.7  31.041300  110.451000  0.50     5.810000 000 湖北省恩施土家族苗族自治州巴东县、宜昌市秭归县交界
 20181022 052419.6  31.039800  110.463000  1.20     9.980000 000 湖北省恩施土家族苗族自治州巴东县、宜昌市秭归县交界
 20181022 072404.2  31.044700  110.455000  0.50     7.400000 000 湖北省恩施土家族苗族自治州巴东县、宜昌市秭归县交界
 20181022 112258.8  31.123200  110.020000  1.40     7.910000 000 重庆市巫山县与湖北省恩施土家族苗族自治州巴东县交界
 20181022 163323.9  31.034700  110.429000  0.50     5.200000 000 湖北省恩施土家族苗族自治州巴东县、宜昌市秭归县交界
 20181024 110439.0  31.136000  110.007000  1.60     5.000000 000 重庆市巫山县
 20181024 115939.2  31.189300  110.325000  1.20    21.720000 000 湖北省恩施土家族苗族自治州巴东县
 20181024 221837.4  31.038700  110.461000  1.60    11.350000 000 湖北省恩施土家族苗族自治州巴东县、宜昌市秭归县交界
 20181027 030517.0  31.041000  110.459000  1.80     9.970000 000 湖北省恩施土家族苗族自治州巴东县、宜昌市秭归县交界
 20181027 092635.2  31.037300  110.451000  0.90     6.270000 000 湖北省恩施土家族苗族自治州巴东县、宜昌市秭归县交界
 20181029 065258.5  31.125300  110.043000  1.30     6.500000 000 重庆市巫山县与湖北省恩施土家族苗族自治州巴东县交界
 20181030 022940.5  31.046200  110.446000  0.20     6.060000 000 湖北省恩施土家族苗族自治州巴东县、宜昌市秭归县交界
 20181030 141037.0  31.039200  110.453000  1.50     9.700000 000 湖北省恩施土家族苗族自治州巴东县、宜昌市秭归县交界
 20181031 150643.2  31.119500  110.019000  1.40     5.330000 000 重庆市巫山县与湖北省恩施土家族苗族自治州巴东县交界
 20181031 153109.4  30.974700  110.390000  0.90     5.000000 000 湖北省恩施土家族苗族自治州巴东县、宜昌市秭归县交界
 20181031 161319.3  30.985800  110.190000  0.80     5.000000 000 湖北省恩施土家族苗族自治州巴东县与重庆市巫山县交界
 20181101 003505.5  31.075300  110.340000  0.50     7.330000 000 湖北省恩施土家族苗族自治州巴东县
 20181101 121101.0  31.156500  110.350000  0.90     5.000000 000 湖北省恩施土家族苗族自治州巴东县
 20181101 145802.3  31.132800  110.025000  1.30     5.000000 000 重庆市巫山县与湖北省恩施土家族苗族自治州巴东县交界
 20181102 185427.8  31.041200  110.452000  0.50     6.420000 000 湖北省恩施土家族苗族自治州巴东县、宜昌市秭归县交界
 20181103 015342.9  31.043200  110.458000  1.20     6.500000 000 湖北省恩施土家族苗族自治州巴东县、宜昌市秭归县交界
 20181103 122419.2  31.003500  110.380000  0.50     8.920000 000 湖北省恩施土家族苗族自治州巴东县
 20181104 044011.4  31.133700  110.232000  0.90     8.640000 000 湖北省恩施土家族苗族自治州巴东县与重庆市巫山县交界
 20181106 043651.4  31.041700  110.461000  0.30     7.110000 000 湖北省恩施土家族苗族自治州巴东县、宜昌市秭归县交界
 20181107 203728.3  31.044800  110.457000  0.20     8.720000 000 湖北省恩施土家族苗族自治州巴东县、宜昌市秭归县交界
 20181107 230722.7  31.038200  110.473000  0.70     7.490000 000 湖北省恩施土家族苗族自治州巴东县、宜昌市秭归县交界
 20181108 124732.7  30.987500  110.391000  0.80     5.040000 000 湖北省恩施土家族苗族自治州巴东县、宜昌市秭归县交界
 20181108 160104.6  31.118500  110.030000  1.50     5.000000 000 重庆市巫山县与湖北省恩施土家族苗族自治州巴东县交界
 20181109 154004.8  30.988300  110.381000  0.40     5.000000 000 湖北省恩施土家族苗族自治州巴东县
 20181109 162314.3  31.130700  110.003000  1.60     5.000000 000 重庆市巫山县
 20181110 032329.1  31.023700  110.466000  0.90     9.630000 000 湖北省宜昌市秭归县、恩施土家族苗族自治州巴东县交界
 20181111 211331.1  31.035500  110.453000  0.10     6.280000 000 湖北省恩施土家族苗族自治州巴东县、宜昌市秭归县交界
 20181112 044807.6  31.043000  110.457000  0.90     7.330000 000 湖北省恩施土家族苗族自治州巴东县、宜昌市秭归县交界
 20181112 120255.1  30.989200  110.370000  0.50     6.870000 000 湖北省恩施土家族苗族自治州巴东县
 20181113 014925.4  31.040700  110.453000  1.80    10.540000 000 湖北省恩施土家族苗族自治州巴东县、宜昌市秭归县交界
 20181113 040205.3  31.031500  110.448000  0.20     5.280000 000 湖北省恩施土家族苗族自治州巴东县、宜昌市秭归县交界
 20181113 121312.8  30.980800  110.389000  1.00     5.450000 000 湖北省恩施土家族苗族自治州巴东县、宜昌市秭归县交界
 20181113 153829.7  31.113200  110.056000  1.90    11.380000 000 重庆市巫山县与湖北省恩施土家族苗族自治州巴东县交界
 20181114 031750.5  31.039500  110.467000  0.50     5.000000 000 湖北省恩施土家族苗族自治州巴东县、宜昌市秭归县交界
 20181114 110001.2  31.325300  110.013000  1.60    10.790000 000 重庆市巫山县与湖北省神农架林区交界地区
 20181115 024653.7  31.034800  110.451000  0.80     7.860000 000 湖北省恩施土家族苗族自治州巴东县、宜昌市秭归县交界
 20181115 024929.7  31.032200  110.442000  0.40     6.730000 000 湖北省恩施土家族苗族自治州巴东县、宜昌市秭归县交界
 20181115 125946.8  31.296200  110.067000  1.40    10.320000 000 重庆市巫山县与湖北省神农架林区、恩施土家族苗族自治
 20181117 204625.5  31.045700  110.457000  0.40     7.390000 000 湖北省恩施土家族苗族自治州巴东县、宜昌市秭归县交界
 20181118 181353.1  31.035000  110.448000  0.80     9.870000 000 湖北省恩施土家族苗族自治州巴东县、宜昌市秭归县交界
 20181119 120550.5  31.136000  110.046000  1.70     9.770000 000 重庆市巫山县与湖北省恩施土家族苗族自治州巴东县交界
 20181119 194036.6  31.070200  110.305000  0.90     5.480000 000 湖北省恩施土家族苗族自治州巴东县
 20181120 045222.3  31.031800  110.447000  0.90     6.730000 000 湖北省恩施土家族苗族自治州巴东县、宜昌市秭归县交界
 20181120 053211.6  31.072200  110.300000  0.50     5.000000 000 湖北省恩施土家族苗族自治州巴东县
 20181120 062249.5  31.045500  110.451000  0.80     8.550000 000 湖北省恩施土家族苗族自治州巴东县、宜昌市秭归县交界
 20181120 091343.7  31.083800  110.284000  1.40     8.210000 000 湖北省恩施土家族苗族自治州巴东县
 20181120 114915.8  30.975700  110.380000  0.80     5.000000 000 湖北省恩施土家族苗族自治州巴东县、宜昌市秭归县交界
 20181120 155219.2  31.115800  110.015000  1.30     9.220000 000 重庆市巫山县与湖北省恩施土家族苗族自治州巴东县交界
 20181120 200842.2  31.106300  110.053000  1.30    19.730000 000 重庆市巫山县与湖北省恩施土家族苗族自治州巴东县交界
 20181122 002433.8  31.049200  110.450000  0.80     7.660000 000 湖北省恩施土家族苗族自治州巴东县、宜昌市秭归县交界
 20181122 164657.4  31.128300  110.062000  2.00     9.510000 000 重庆市巫山县与湖北省恩施土家族苗族自治州巴东县交界
 20181122 223517.5  31.024800  110.467000  0.60     8.640000 000 湖北省宜昌市秭归县、恩施土家族苗族自治州巴东县交界
 20181123 160244.9  31.119500  110.032000  1.40     9.080000 000 重庆市巫山县与湖北省恩施土家族苗族自治州巴东县交界
 20181124 155752.4  31.087300  110.060000  2.30     9.300000 000 重庆市巫山县与湖北省恩施土家族苗族自治州巴东县交界
 20181124 164557.6  31.135700  110.319000  0.70     5.000000 000 湖北省恩施土家族苗族自治州巴东县
 20181126 014957.0  31.039200  110.449000  0.50     7.160000 000 湖北省恩施土家族苗族自治州巴东县、宜昌市秭归县交界
 20181126 143920.7  31.105500  110.025000  1.40     9.020000 000 重庆市巫山县与湖北省恩施土家族苗族自治州巴东县交界
 20181128 043441.1  31.035500  110.458000  0.40     6.600000 000 湖北省恩施土家族苗族自治州巴东县、宜昌市秭归县交界
 20181128 151231.7  30.984200  110.198000  1.10     5.000000 000 湖北省恩施土家族苗族自治州巴东县与重庆市巫山县交界
 20181129 035133.5  31.037700  110.448000  0.50     5.970000 000 湖北省恩施土家族苗族自治州巴东县、宜昌市秭归县交界
 20181129 045333.4  31.050700  110.456000  0.50     9.460000 000 湖北省恩施土家族苗族自治州巴东县、宜昌市秭归县交界
 20181130 060402.7  31.041300  110.452000  0.50     7.270000 000 湖北省恩施土家族苗族自治州巴东县、宜昌市秭归县交界
 20181130 115544.0  30.973800  110.374000  0.80     5.000000 000 湖北省恩施土家族苗族自治州巴东县
 20181130 141704.0  31.198000  110.331000  0.90     5.000000 000 湖北省恩施土家族苗族自治州巴东县
 20181202 004738.0  31.042700  110.452000  1.10     9.980000 000 湖北省恩施土家族苗族自治州巴东县、宜昌市秭归县交界
 20181203 144053.1  31.106000  110.105000  2.30     2.000000 000 bm重庆巫山
 20181203 184053.2  31.034700  110.455000  0.80     7.560000 000 湖北省恩施土家族苗族自治州巴东县、宜昌市秭归县交界
 20181204 061830.2  31.038800  110.454000  1.20    11.020000 000 湖北省恩施土家族苗族自治州巴东县、宜昌市秭归县交界
 20181204 110321.5  30.900700  110.057000  0.80     7.000000 000 重庆市巫山县与湖北省恩施土家族苗族自治州巴东县、建
 20181204 133334.0  31.171800  110.133000  1.30     5.000000 000 重庆市巫山县与湖北省恩施土家族苗族自治州巴东县交界
 20181205 104332.6  31.118200  110.015000  1.50     6.920000 000 重庆市巫山县与湖北省恩施土家族苗族自治州巴东县交界
 20181205 130836.9  31.038000  110.454000  0.90     6.840000 000 湖北省恩施土家族苗族自治州巴东县、宜昌市秭归县交界
 20181205 210138.3  31.034500  110.445000  1.10     7.360000 000 湖北省恩施土家族苗族自治州巴东县、宜昌市秭归县交界
 20181207 215226.4  31.043300  110.438000  0.90    10.110000 000 湖北省恩施土家族苗族自治州巴东县、宜昌市秭归县交界
 20181207 215735.3  31.045200  110.447000  0.90     7.950000 000 湖北省恩施土家族苗族自治州巴东县、宜昌市秭归县交界
 20181207 223703.0  31.039200  110.442000  0.40     8.090000 000 湖北省恩施土家族苗族自治州巴东县、宜昌市秭归县交界
 20181208 015517.0  31.034300  110.437000  1.00    13.490000 000 湖北省恩施土家族苗族自治州巴东县、宜昌市秭归县交界
 20181208 053046.6  31.038300  110.443000  0.90    10.380000 000 湖北省恩施土家族苗族自治州巴东县、宜昌市秭归县交界
 20181208 121716.4  31.176700  110.132000  1.30     5.000000 000 重庆市巫山县与湖北省恩施土家族苗族自治州巴东县交界
 20181208 151645.0  31.120000  110.004000  1.90    14.710000 000 重庆市巫山县
 20181208 165054.5  31.176700  110.355000  0.90     8.870000 000 湖北省恩施土家族苗族自治州巴东县
 20181209 152244.3  31.119000  110.028000  1.10    10.170000 000 重庆市巫山县与湖北省恩施土家族苗族自治州巴东县交界
 20181210 060431.7  31.033300  110.453000  0.90    11.470000 000 湖北省恩施土家族苗族自治州巴东县、宜昌市秭归县交界
 20181211 034841.6  31.046200  110.468000  0.50     5.160000 000 湖北省恩施土家族苗族自治州巴东县、宜昌市秭归县交界
 20181211 231730.5  31.039300  110.445000  0.40     5.970000 000 湖北省恩施土家族苗族自治州巴东县、宜昌市秭归县交界
 20181212 152750.0  31.086800  110.017000  1.30    11.900000 000 重庆市巫山县与湖北省恩施土家族苗族自治州巴东县交界
 20181213 012321.3  31.070800  110.324000  0.70     7.940000 000 湖北省恩施土家族苗族自治州巴东县
 20181214 084711.0  31.032000  110.456000  0.50     5.810000 000 湖北省恩施土家族苗族自治州巴东县、宜昌市秭归县交界
 20181214 090532.1  31.039500  110.462000  0.70     5.160000 000 湖北省恩施土家族苗族自治州巴东县、宜昌市秭归县交界
 20181214 222405.9  31.035700  110.453000  0.60     5.230000 000 湖北省恩施土家族苗族自治州巴东县、宜昌市秭归县交界
 20181215 123433.6  31.034800  110.448000  1.10     8.130000 000 湖北省恩施土家族苗族自治州巴东县、宜昌市秭归县交界
 20181215 150425.0  31.155700  110.004000  1.40     9.450000 000 重庆市巫山县
 20181216 135716.0  30.992300  110.387000  0.70     6.090000 000 湖北省恩施土家族苗族自治州巴东县、宜昌市秭归县交界
 20181216 153502.1  31.034800  110.463000  1.10     5.630000 000 湖北省恩施土家族苗族自治州巴东县、宜昌市秭归县交界
 20181217 143346.6  31.162200  110.005000  1.20     5.000000 000 重庆市巫山县
 20181217 154203.4  30.972000  110.389000  0.90     5.000000 000 湖北省恩施土家族苗族自治州巴东县、宜昌市秭归县交界
 20181218 002326.4  31.042500  110.458000  0.50     6.210000 000 湖北省恩施土家族苗族自治州巴东县、宜昌市秭归县交界
 20181218 124109.0  30.948800  110.355000  0.70    16.230000 000 湖北省恩施土家族苗族自治州巴东县
 20181219 102156.6  31.064800  110.225000  1.00    15.210000 000 湖北省恩施土家族苗族自治州巴东县与重庆市巫山县交界
 20181220 142849.0  31.147000  110.006000  1.30     6.790000 000 重庆市巫山县
 20181220 222945.7  31.060300  110.245000  0.70     5.360000 000 湖北省恩施土家族苗族自治州巴东县与重庆市巫山县交界
 20181221 074637.9  31.063300  110.227000  1.20    12.000000 000 湖北省恩施土家族苗族自治州巴东县与重庆市巫山县交界
 20181221 110231.9  30.982700  110.386000  0.90     5.000000 000 湖北省恩施土家族苗族自治州巴东县、宜昌市秭归县交界
 20181221 114449.5  31.232000  110.098000  1.40     6.000000 000 bm重庆巫山
 20181222 084132.4  31.040800  110.438000  1.10     9.980000 000 湖北省恩施土家族苗族自治州巴东县、宜昌市秭归县交界
 20181223 014943.7  31.150700  110.410000  0.70     5.000000 000 湖北省恩施土家族苗族自治州巴东县
 20181223 152417.3  31.216500  110.332000  1.00     5.000000 000 湖北省恩施土家族苗族自治州巴东县
 20181223 154632.8  31.104000  110.088000  1.40     6.000000 000 bm重庆巫山
 20181224 150553.0  31.121700  110.019000  1.10     5.000000 000 重庆市巫山县与湖北省恩施土家族苗族自治州巴东县交界
 20181225 114538.1  31.031800  110.471000  0.80     5.000000 000 湖北省宜昌市秭归县、恩施土家族苗族自治州巴东县交界
 20181227 091152.6  31.030700  110.412000  1.20    14.210000 000 湖北省恩施土家族苗族自治州巴东县、宜昌市秭归县交界
 20181227 104004.8  31.104300  110.021000  1.20     9.220000 000 重庆市巫山县与湖北省恩施土家族苗族自治州巴东县交界
 20181231 054803.9  31.040500  110.453000  0.60     7.110000 000 湖北省恩施土家族苗族自治州巴东县、宜昌市秭归县交界